0,0,0,0,0,0,0,0,0,0,0,0,0,0,0,0,0,0,0,0,0,0,0,0,0,0,0,0,0,0,0,0,0,0,0,0,0,0,0,0,0,0,0,0,0,0,0,0,0,0,0,0,0,0,0,0,0,0,0,0,0,0,0,0,0,0,0,0,0,0,0,0,0,0,0,0,0,0,0,0,0,0,0,0,0,0,0,0,0,0,0,0,0,0,0,0,0,0,0,0,0,0,0,0,0,0,0,0,0,0,0,0,0,0,0,0,0,0,0,0,0,0,0,0,0,0,0,0,0,0,0,0,0,0,0,0,0,0,0,0,0,0,0,0,0,0,0,0,0,0,0,0,0,0,0,0,0,0,0,0,0,0,0,0,0,0,0,0,0,0,0,0,0,0,0,0,0,0,0,0,0,0,0,0,0,0,0,0,0,0,0,0
0,0,0,0,0,0,0,0,0,0,0,0,0,0,0,0,0,0,0,0,0,0,0,0,0,0,0,0,0,0,0,0,0,0,0,0,0,0,0,0,0,0,0,0,0,0,0,0,0,0,0,0,0,0,0,0,0,0,0,0,0,0,0,0,0,0,0,0,0,0,0,0,0,0,0,0,0,0,0,0,0,0,0,0,0,0,0,0,0,0,0,0,0,0,0,0,0,0,0,0,0,0,0,0,0,0,0,0,0,0,0,0,0,0,0,0,0,0,0,0,0,0,0,0,0,0,0,0,0,0,0,0,0,0,0,0,0,0,0,0,0,0,0,0,0,0,0,0,0,0,0,0,0,0,0,0,0,0,0,0,0,0,0,0,0,0,0,0,0,0,0,0,0,0,0,0,0,0,0,0,0,0,0,0,0,0,0,0,0,0,0,0
0,0,0,0,0,0,0,0,0,0,0,0,0,0,0,0,0,0,0,0,0,0,0,0,0,0,0,0,0,0,0,0,0,0,0,0,0,0,0,0,0,0,0,0,0,0,0,0,0,0,0,0,0,0,0,0,0,0,0,0,0,0,0,0,0,0,0,0,0,0,0,0,0,0,0,0,0,0,0,0,0,0,0,0,0,0,0,0,0,0,0,0,0,0,0,0,0,0,0,0,0,0,0,0,0,0,0,0,0,0,0,0,0,0,0,0,0,0,0,0,0,0,0,0,0,0,0,0,0,0,0,0,0,0,0,0,0,0,0,0,0,0,0,0,0,0,0,0,0,0,0,0,0,0,0,0,0,0,0,0,0,0,0,0,0,0,0,0,0,0,0,0,0,0,0,0,0,0,0,0,0,0,0,0,0,0,0,0,0,0,0,0
0,0,0,0,0,0,0,0,0,0,0,0,0,0,0,0,0,0,0,0,0,0,0,0,0,0,0,0,0,0,0,0,0,0,0,0,0,0,0,0,0,0,0,0,0,0,0,0,0,0,0,0,0,0,0,0,0,0,0,0,0,0,0,0,0,0,0,0,0,0,0,0,0,0,0,0,0,0,0,0,0,0,0,0,0,0,0,0,0,0,0,0,0,0,0,0,0,0,0,0,0,0,0,0,0,0,0,0,0,0,0,0,0,0,0,0,0,0,0,0,0,0,0,0,0,0,0,0,0,0,0,0,0,0,0,0,0,0,0,0,0,0,0,0,0,0,0,0,0,0,0,0,0,0,0,0,0,0,0,0,0,0,0,0,0,0,0,0,0,0,0,0,0,0,0,0,0,0,0,0,0,0,0,0,0,0,0,0,0,0,0,0
0,0,0,0,0,0,0,0,0,0,0,0,0,0,0,0,0,0,0,0,0,0,0,0,0,0,0,0,0,0,0,0,0,0,0,0,0,0,0,0,0,0,0,0,0,0,0,0,0,0,0,0,0,0,0,0,0,0,0,0,0,0,0,0,0,0,0,0,0,0,0,0,0,0,0,0,0,0,0,0,0,0,0,0,0,0,0,0,0,0,0,0,0,0,0,0,0,0,0,0,0,0,0,0,0,0,0,0,0,0,0,0,0,0,0,0,0,0,0,0,0,0,0,0,0,0,0,0,0,0,0,0,0,0,0,0,0,0,0,0,0,0,0,0,0,0,0,0,0,0,0,0,0,0,0,0,0,0,0,0,0,0,0,0,0,0,0,0,0,0,0,0,0,0,0,0,0,0,0,0,0,0,0,0,0,0,0,0,0,0,0,0
0,0,0,0,0,0,0,0,0,0,0,0,0,0,0,0,0,0,0,0,0,0,0,0,0,0,0,0,0,0,0,0,0,0,0,0,0,0,0,0,0,0,0,0,0,0,0,0,0,0,0,0,0,0,0,0,0,0,0,0,0,0,0,0,0,0,0,0,0,0,0,0,0,0,0,0,0,0,0,0,0,0,0,0,0,0,0,0,0,0,0,0,0,0,0,0,0,0,0,0,0,0,0,0,0,0,0,0,0,0,0,0,0,0,0,0,0,0,0,0,0,0,0,0,0,0,0,0,0,0,0,0,0,0,0,0,0,0,0,0,0,0,0,0,0,0,0,0,0,0,0,0,0,0,0,0,0,0,0,0,0,0,0,0,0,0,0,0,0,0,0,0,0,0,0,0,0,0,0,0,0,0,0,0,0,0,0,0,0,0,0,0
0,0,0,0,0,0,0,0,0,0,0,0,0,0,0,0,0,0,0,0,0,0,0,0,0,0,0,0,0,0,0,0,0,0,0,0,0,0,0,0,0,0,0,0,0,0,0,0,0,0,0,0,0,0,0,0,0,0,0,0,0,0,0,0,0,0,0,0,0,0,0,0,0,0,0,0,0,0,0,0,0,0,0,0,0,0,0,0,0,0,0,0,0,0,0,0,0,0,0,0,0,0,0,0,0,0,0,0,0,0,0,0,0,0,0,0,0,0,0,0,0,0,0,0,0,0,0,0,0,0,0,0,0,0,0,0,0,0,0,0,0,0,0,0,0,0,0,0,0,0,0,0,0,0,0,0,0,0,0,0,0,0,0,0,0,0,0,0,0,0,0,0,0,0,0,0,0,0,0,0,0,0,0,0,0,0,0,0,0,0,0,0
0,0,0,0,0,0,0,0,0,0,0,0,0,0,0,0,0,0,0,0,0,0,0,0,0,0,0,0,0,0,0,0,0,0,0,0,0,0,0,0,0,0,0,0,0,0,0,0,0,0,0,0,0,0,0,0,0,0,0,0,0,0,0,0,0,0,0,0,0,0,0,0,0,0,0,0,0,0,0,0,0,0,0,0,0,0,0,0,0,0,0,0,0,0,0,0,0,0,0,0,0,0,0,0,0,0,0,0,0,0,0,0,0,0,0,0,0,0,0,0,0,0,0,0,0,0,0,0,0,0,0,0,0,0,0,0,0,0,0,0,0,0,0,0,0,0,0,0,0,0,0,0,0,0,0,0,0,0,0,0,0,0,0,0,0,0,0,0,0,0,0,0,0,0,0,0,0,0,0,0,0,0,0,0,0,0,0,0,0,0,0,0
0,0,0,0,0,0,0,0,0,0,0,0,0,0,0,0,0,0,0,0,0,0,0,0,0,0,0,0,0,0,0,0,0,0,0,0,0,0,0,0,0,0,0,0,0,0,0,0,0,0,0,0,0,0,0,0,0,0,0,0,0,0,0,0,0,0,0,0,0,0,0,0,0,0,0,0,0,0,0,0,0,0,0,0,0,0,0,0,0,0,0,0,0,0,0,0,0,0,0,0,0,0,0,0,0,0,0,0,0,0,0,0,0,0,0,0,0,0,0,0,0,0,0,0,0,0,0,0,0,0,0,0,0,0,0,0,0,0,0,0,0,0,0,0,0,0,0,0,0,0,0,0,0,0,0,0,0,0,0,0,0,0,0,0,0,0,0,0,0,0,0,0,0,0,0,0,0,0,0,0,0,0,0,0,0,0,0,0,0,0,0,0
0,0,0,0,0,0,0,0,0,0,0,0,0,0,0,0,0,0,0,0,0,0,0,0,0,0,0,0,0,0,0,0,0,0,0,0,0,0,0,0,0,0,0,0,0,0,0,0,0,0,0,0,0,0,0,0,0,0,0,0,0,0,0,0,0,0,0,0,0,0,0,0,0,0,0,0,0,0,0,0,0,0,0,0,0,0,0,0,0,0,0,0,0,0,0,0,0,0,0,0,0,0,0,0,0,0,0,0,0,0,0,0,0,0,0,0,0,0,0,0,0,0,0,0,0,0,0,0,0,0,0,0,0,0,0,0,0,0,0,0,0,0,0,0,0,0,0,0,0,0,0,0,0,0,0,0,0,0,0,0,0,0,0,0,0,0,0,0,0,0,0,0,0,0,0,0,0,0,0,0,0,0,0,0,0,0,0,0,0,0,0,0
0,0,0,0,0,0,0,0,0,0,0,0,0,0,0,0,0,0,0,0,0,0,0,0,0,0,0,0,0,0,0,0,0,0,0,0,0,0,0,0,0,0,0,0,0,0,0,0,0,0,0,0,0,0,0,0,0,0,0,0,0,0,0,0,0,0,0,0,0,0,0,0,0,0,0,0,0,0,0,0,0,0,0,0,0,0,0,0,0,0,0,0,0,0,0,0,0,0,0,0,0,0,0,0,0,0,0,0,0,0,0,0,0,0,0,0,0,0,0,0,0,0,0,0,0,0,0,0,0,0,0,0,0,0,0,0,0,0,0,0,0,0,0,0,0,0,0,0,0,0,0,0,0,0,0,0,0,0,0,0,0,0,0,0,0,0,0,0,0,0,0,0,0,0,0,0,0,0,0,0,0,0,0,0,0,0,0,0,0,0,0,0
0,0,0,0,0,0,0,0,0,0,0,0,0,0,0,0,0,0,0,0,0,0,0,0,0,0,0,0,0,0,0,0,0,0,0,0,0,0,0,0,0,0,0,0,0,0,0,0,0,0,0,0,0,0,0,0,0,0,0,0,0,0,0,0,0,0,0,0,0,0,0,0,0,0,0,0,0,0,0,0,0,0,0,0,0,0,0,0,0,0,0,0,0,0,0,0,0,0,0,0,0,0,0,0,0,0,0,0,0,0,0,0,0,0,0,0,0,0,0,0,0,0,0,0,0,0,0,0,0,0,0,0,0,0,0,0,0,0,0,0,0,0,0,0,0,0,0,0,0,0,0,0,0,0,0,0,0,0,0,0,0,0,0,0,0,0,0,0,0,0,0,0,0,0,0,0,0,0,0,0,0,0,0,0,0,0,0,0,0,0,0,0
0,0,0,0,0,0,0,0,0,0,0,0,0,0,0,0,0,0,0,0,0,0,0,0,0,0,0,0,0,0,0,0,0,0,0,0,0,0,0,0,0,0,0,0,0,0,0,0,0,0,0,0,0,0,0,0,0,0,0,0,0,0,0,0,0,0,0,0,0,0,0,0,0,0,0,0,0,0,0,0,0,0,0,0,0,0,0,0,0,0,0,0,0,0,0,0,0,0,0,0,0,0,0,0,0,0,0,0,0,0,0,0,0,0,0,0,0,0,0,0,0,0,0,0,0,0,0,0,0,0,0,0,0,0,0,0,0,0,0,0,0,0,0,0,0,0,0,0,0,0,0,0,0,0,0,0,0,0,0,0,0,0,0,0,0,0,0,0,0,0,0,0,0,0,0,0,0,0,0,0,0,0,0,0,0,0,0,0,0,0,0,0
0,0,0,0,0,0,0,0,0,0,0,0,0,0,0,0,0,0,0,0,0,0,0,0,0,0,0,0,0,0,0,0,0,0,0,0,0,0,0,0,0,0,0,0,0,0,0,0,0,0,0,0,0,0,0,0,0,0,0,0,0,0,0,0,0,0,0,0,0,0,0,0,0,0,0,0,0,0,0,0,0,0,0,0,0,0,0,0,0,0,0,0,0,0,0,0,0,0,0,0,0,0,0,0,0,0,0,0,0,0,0,0,0,0,0,0,0,0,0,0,0,0,0,0,0,0,0,0,0,0,0,0,0,0,0,0,0,0,0,0,0,0,0,0,0,0,0,0,0,0,0,0,0,0,0,0,0,0,0,0,0,0,0,0,0,0,0,0,0,0,0,0,0,0,0,0,0,0,0,0,0,0,0,0,0,0,0,0,0,0,0,0
0,0,0,0,0,0,0,0,0,0,0,0,0,0,0,0,0,0,0,0,0,0,0,0,0,0,0,0,0,0,0,0,0,0,0,0,0,0,0,0,0,0,0,0,0,0,0,0,0,0,0,0,0,0,0,0,0,0,0,0,0,0,0,0,0,0,0,0,0,0,0,0,0,0,0,0,0,0,0,0,0,0,0,0,0,0,0,0,0,0,0,0,0,0,0,0,0,0,0,0,0,0,0,0,0,0,0,0,0,0,0,0,0,0,0,0,0,0,0,0,0,0,0,0,0,0,0,0,0,0,0,0,0,0,0,0,0,0,0,0,0,0,0,0,0,0,0,0,0,0,0,0,0,0,0,0,0,0,0,0,0,0,0,0,0,0,0,0,0,0,0,0,0,0,0,0,0,0,0,0,0,0,0,0,0,0,0,0,0,0,0,0
0,0,0,0,0,0,0,0,0,0,0,0,0,0,0,0,0,0,0,0,0,0,0,0,0,0,0,0,0,0,0,0,0,0,0,0,0,0,0,0,0,0,0,0,0,0,0,0,0,0,0,0,0,0,0,0,0,0,0,0,0,0,0,0,0,0,0,0,0,0,0,0,0,0,0,0,0,0,0,0,0,0,0,0,0,0,0,0,0,0,0,0,0,0,0,0,0,0,0,0,0,0,0,0,0,0,0,0,0,0,0,0,0,0,0,0,0,0,0,0,0,0,0,0,0,0,0,0,0,0,0,0,0,0,0,0,0,0,0,0,0,0,0,0,0,0,0,0,0,0,0,0,0,0,0,0,0,0,0,0,0,0,0,0,0,0,0,0,0,0,0,0,0,0,0,0,0,0,0,0,0,0,0,0,0,0,0,0,0,0,0,0
0,0,0,0,0,0,0,0,0,0,0,0,0,0,0,0,0,0,0,0,0,0,0,0,0,0,0,0,0,0,0,0,0,0,0,0,0,0,0,0,0,0,0,0,0,0,0,0,0,0,0,0,0,0,0,0,0,0,0,0,0,0,0,0,0,0,0,0,0,0,0,0,0,0,0,0,0,0,0,0,0,0,0,0,0,0,0,0,0,0,0,0,0,0,0,0,0,0,0,0,0,0,0,0,0,0,0,0,0,0,0,0,0,0,0,0,0,0,0,0,0,0,0,0,0,0,0,0,0,0,0,0,0,0,0,0,0,0,0,0,0,0,0,0,0,0,0,0,0,0,0,0,0,0,0,0,0,0,0,0,0,0,0,0,0,0,0,0,0,0,0,0,0,0,0,0,0,0,0,0,0,0,0,0,0,0,0,0,0,0,0,0
0,0,0,0,0,0,0,0,0,0,0,0,0,0,0,0,0,0,0,0,0,0,0,0,0,0,0,0,0,0,0,0,0,0,0,0,0,0,0,0,0,0,0,0,0,0,0,0,0,0,0,0,0,0,0,0,0,0,0,0,0,0,0,0,0,0,0,0,0,0,0,0,0,0,0,0,0,0,0,0,0,0,0,0,0,0,0,0,0,0,0,0,0,0,0,0,0,0,0,0,0,0,0,0,0,0,0,0,0,0,0,0,0,0,0,0,0,0,0,0,0,0,0,0,0,0,0,0,0,0,0,0,0,0,0,0,0,0,0,0,0,0,0,0,0,0,0,0,0,0,0,0,0,0,0,0,0,0,0,0,0,0,0,0,0,0,0,0,0,0,0,0,0,0,0,0,0,0,0,0,0,0,0,0,0,0,0,0,0,0,0,0
0,0,0,0,0,0,0,0,0,0,0,0,0,0,0,0,0,0,0,0,0,0,0,0,0,0,0,0,0,0,0,0,0,0,0,0,0,0,0,0,0,0,0,0,0,0,0,0,0,0,0,0,0,0,0,0,0,0,0,0,0,0,0,0,0,0,0,0,0,0,0,0,0,0,0,0,0,0,0,0,0,0,0,0,0,0,0,0,0,0,0,0,0,0,0,0,0,0,0,0,0,0,0,0,0,0,0,0,0,0,0,0,0,0,0,0,0,0,0,0,0,0,0,0,0,0,0,0,0,0,0,0,0,0,0,0,0,0,0,0,0,0,0,0,0,0,0,0,0,0,0,0,0,0,0,0,0,0,0,0,0,0,0,0,0,0,0,0,0,0,0,0,0,0,0,0,0,0,0,0,0,0,0,0,0,0,0,0,0,0,0,0
0,0,0,0,0,0,0,0,0,0,0,0,0,0,0,0,0,0,0,0,0,0,0,0,0,0,0,0,0,0,0,0,0,0,0,0,0,0,0,0,0,0,0,0,0,0,3,3,0,2,0,0,3,7,3,0,0,1,7,5,5,7,3,0,0,3,7,3,0,0,1,7,5,5,7,3,0,0,3,5,7,7,5,7,7,3,0,0,1,7,7,5,7,3,0,0,0,0,0,3,7,7,7,3,0,0,3,7,7,7,7,7,7,3,0,0,1,7,7,5,7,3,0,3,7,5,7,7,5,7,7,3,0,0,1,7,5,5,7,3,0,2,3,3,0,0,0,0,0,0,0,0,0,0,0,0,0,0,0,0,0,0,0,0,0,0,0,0,0,0,0,0,0,0,0,0,0,0,0,0,0,0,0,0,0,0,0,0,0,0,0,0
0,0,0,0,0,0,0,0,0,0,0,0,0,0,0,0,0,0,0,0,0,0,0,0,0,0,0,0,0,0,0,0,0,0,0,0,0,0,0,0,0,0,3,3,0,3,15,11,0,10,0,3,15,15,11,0,0,0,10,0,0,11,11,0,3,15,15,11,0,0,0,10,0,0,11,11,0,3,11,0,11,11,0,11,15,11,0,2,0,11,11,0,11,11,0,0,0,0,0,11,15,15,15,11,0,3,15,15,15,15,15,15,15,11,0,2,0,11,11,0,11,11,0,11,11,0,11,11,0,11,15,11,2,0,0,10,0,0,11,11,0,11,15,11,0,0,3,5,3,0,0,0,0,0,0,0,0,0,0,0,0,0,0,0,0,0,0,0,0,0,0,0,0,0,0,0,0,0,0,0,0,0,0,0,0,0,0,0,0,0,0,0
0,0,0,0,0,0,0,0,0,0,0,0,0,0,0,0,0,0,0,0,0,0,0,0,0,0,0,0,0,0,0,0,0,0,0,0,0,0,3,3,0,3,15,15,7,15,15,11,0,11,7,15,15,15,15,3,0,0,10,0,0,11,15,7,15,15,15,15,3,0,0,10,0,0,11,15,7,15,15,7,15,15,7,15,15,15,7,15,7,15,15,7,15,15,7,7,3,0,3,15,15,15,15,15,7,15,15,15,15,15,15,15,15,15,7,15,7,15,15,7,15,15,7,15,15,7,15,15,7,15,15,15,15,1,0,10,0,0,11,15,7,15,15,15,7,7,11,0,10,0,0,0,0,0,0,0,0,0,0,0,0,0,0,0,0,0,0,0,0,0,0,0,0,0,0,0,0,0,0,0,0,0,0,0,0,0,0,0,0,0,0,0
0,0,0,0,0,0,0,0,0,0,0,0,0,0,0,0,0,0,0,0,0,0,0,0,0,0,0,0,0,0,0,0,0,0,0,0,0,3,15,11,0,11,15,15,15,15,15,15,7,15,15,15,15,15,15,15,7,7,15,7,7,15,15,15,15,15,15,15,15,7,7,15,7,7,15,15,15,15,15,15,15,15,15,15,15,15,15,15,15,15,15,15,15,15,15,15,15,7,15,15,15,15,15,15,15,15,15,15,15,15,15,15,15,15,15,15,15,15,15,15,15,15,15,15,15,15,15,15,15,15,15,15,15,7,7,15,7,7,15,15,15,15,15,15,15,15,15,7,11,0,3,7,7,1,0,0,0,0,0,0,0,0,0,0,0,0,0,0,0,0,0,0,0,0,0,0,0,0,0,0,0,0,0,0,0,0,0,0,0,0,0,0
0,0,0,0,0,0,0,0,0,0,0,0,0,0,0,0,0,0,0,0,0,0,0,0,0,0,0,0,0,0,0,0,0,0,0,0,3,15,15,11,0,11,15,15,15,15,15,15,15,15,15,15,15,15,15,15,15,15,15,15,15,15,15,15,15,15,15,15,15,15,15,15,15,15,15,15,15,15,15,15,15,15,15,15,15,15,15,15,15,15,15,15,15,15,15,15,15,15,15,15,15,15,15,15,15,15,15,15,15,15,15,15,15,15,15,15,15,15,15,15,15,15,15,15,15,15,15,15,15,15,15,15,15,15,15,15,15,15,15,15,15,15,15,15,15,15,15,15,15,7,15,15,11,0,0,2,0,0,0,0,0,0,0,0,0,0,0,0,0,0,0,0,0,0,0,0,0,0,0,0,0,0,0,0,0,0,0,0,0,0,0,0
0,0,0,0,0,0,0,0,0,0,0,0,0,0,0,0,0,0,0,0,0,0,0,0,0,0,0,0,0,0,0,0,0,0,3,7,15,15,15,15,7,15,15,15,15,15,15,15,15,15,15,15,15,15,15,15,15,15,15,15,15,15,15,15,15,15,15,15,15,15,15,15,15,15,15,15,15,7,15,15,15,15,7,7,7,7,7,7,7,7,7,7,7,7,15,15,15,7,7,7,7,7,7,7,7,7,7,7,7,7,7,7,15,15,15,15,15,7,15,15,15,15,7,7,7,7,7,7,7,15,15,15,15,15,15,15,15,15,15,15,15,15,15,15,15,15,15,15,15,15,15,15,11,0,3,11,0,0,0,0,0,0,0,0,0,0,0,0,0,0,0,0,0,0,0,0,0,0,0,0,0,0,0,0,0,0,0,0,0,0,0,0
0,0,0,0,0,0,0,0,0,0,0,0,0,0,0,0,0,0,0,0,0,0,0,0,0,0,0,0,0,0,0,0,0,3,15,15,15,7,7,15,7,7,7,7,7,7,7,7,7,7,7,7,7,7,7,7,7,15,15,15,15,15,15,15,7,7,15,15,15,15,15,15,15,15,15,15,11,0,11,15,15,11,0,0,0,0,0,0,0,0,0,0,0,0,11,15,11,0,0,0,0,0,0,0,0,0,0,0,0,0,0,0,11,15,15,15,11,0,11,15,15,11,0,0,0,0,0,0,0,11,15,15,15,15,15,15,15,15,15,15,15,15,15,15,15,15,15,15,15,15,15,15,15,7,15,15,7,3,0,0,0,0,0,0,0,0,0,0,0,0,0,0,0,0,0,0,0,0,0,0,0,0,0,0,0,0,0,0,0,0,0,0
0,0,0,0,0,0,0,0,0,0,0,0,0,0,0,0,0,0,0,0,0,0,0,0,0,0,0,0,0,0,0,0,0,11,15,15,11,0,0,2,0,0,0,0,0,0,0,0,0,0,0,0,0,0,0,0,0,11,15,15,15,15,7,3,0,0,11,15,15,15,15,15,15,15,15,15,11,0,11,15,15,15,7,7,7,7,7,7,7,7,7,7,7,7,15,15,15,7,7,7,1,0,1,7,7,7,7,7,7,7,7,5,15,15,15,15,11,0,11,15,15,15,7,7,7,7,7,7,7,15,15,15,15,15,15,15,15,15,15,15,15,15,15,15,15,15,15,15,15,15,15,15,15,15,15,15,15,11,0,0,0,0,0,0,0,0,0,0,0,0,0,0,0,0,0,0,0,0,0,0,0,0,0,0,0,0,0,0,0,0,0,0
0,0,0,0,0,0,0,0,0,0,0,0,0,0,0,0,0,0,0,0,0,0,0,0,0,0,0,0,0,0,3,7,7,15,15,15,11,0,0,0,0,3,7,3,0,3,7,7,7,7,7,7,7,7,1,0,0,11,15,15,15,11,0,0,0,0,11,15,15,15,15,15,7,15,15,15,11,0,11,15,15,15,7,15,15,15,15,7,15,15,15,15,15,15,15,15,7,7,15,11,0,0,0,11,15,15,15,15,15,7,11,0,3,15,15,15,11,0,11,15,15,15,15,15,15,15,15,15,15,15,15,15,15,15,15,15,15,15,15,15,15,15,15,15,15,15,15,15,15,15,15,15,15,15,15,15,15,11,0,3,3,0,0,0,0,0,0,0,0,0,0,0,0,0,0,0,0,0,0,0,0,0,0,0,0,0,0,0,0,0,0,0
0,0,0,0,0,0,0,0,0,0,0,0,0,0,0,0,0,0,0,0,0,0,0,0,0,0,0,0,0,0,11,15,15,15,15,15,15,7,3,0,0,11,15,15,7,15,15,15,15,15,15,15,15,11,0,0,0,11,15,15,15,15,7,7,3,0,11,15,15,15,15,11,0,11,15,15,11,0,11,15,15,11,0,11,15,15,3,0,11,15,15,15,15,15,15,11,0,0,11,15,3,0,0,11,15,15,15,15,11,0,11,1,0,3,15,15,11,0,11,15,15,15,15,15,15,15,15,15,15,15,15,15,15,15,15,15,15,15,15,15,15,15,15,15,15,15,15,15,15,15,15,15,15,15,15,15,15,15,7,15,15,1,0,0,0,0,0,0,0,0,0,0,0,0,0,0,0,0,0,0,0,0,0,0,0,0,0,0,0,0,0,0
0,0,0,0,0,0,0,0,0,0,0,0,0,0,0,0,0,0,0,0,0,0,0,0,0,0,0,0,0,3,15,15,15,15,15,15,15,15,15,3,0,11,15,15,15,15,15,15,15,15,15,15,15,15,3,0,0,11,15,15,15,15,15,15,11,0,11,15,15,15,15,11,0,11,15,15,11,0,11,15,15,11,0,11,15,11,0,0,3,15,15,15,15,15,15,11,0,0,11,15,15,7,7,15,15,15,15,15,11,0,2,0,0,0,11,15,11,0,11,15,15,15,15,15,7,7,7,7,7,7,7,7,7,15,15,15,15,15,15,15,15,15,15,15,15,15,15,15,15,15,15,15,15,15,15,15,15,15,15,15,3,0,0,0,0,0,0,0,0,0,0,0,0,0,0,0,0,0,0,0,0,0,0,0,0,0,0,0,0,0,0,0
0,0,0,0,0,0,0,0,0,0,0,0,0,0,0,0,0,0,0,0,0,0,0,0,0,0,2,0,3,15,15,15,15,15,15,15,15,15,15,11,0,11,15,15,15,15,15,15,15,15,15,15,15,15,15,3,0,11,15,15,15,15,15,15,15,5,15,15,15,15,15,11,0,11,15,15,11,0,11,15,15,11,0,11,15,11,0,0,0,11,15,15,15,15,15,15,7,7,15,15,15,15,15,15,15,15,15,15,3,0,0,2,0,0,11,15,11,0,11,15,15,15,7,3,0,0,0,0,0,0,0,0,0,11,15,15,15,15,15,15,15,15,15,15,15,15,15,15,15,15,15,15,15,15,15,15,15,15,15,11,0,0,2,0,0,0,0,0,0,0,0,0,0,0,0,0,0,0,0,0,0,0,0,0,0,0,0,0,0,0,0,0
0,0,0,0,0,0,0,0,0,0,0,0,0,0,0,0,0,0,0,0,0,0,0,0,0,3,15,7,15,15,15,15,15,15,15,15,15,15,15,11,0,11,15,15,15,15,7,7,7,7,7,15,15,15,15,11,0,11,15,15,15,15,15,15,3,0,3,15,15,15,15,11,0,11,15,15,11,0,11,15,15,15,5,15,15,15,7,3,0,11,15,15,15,15,15,15,15,15,15,15,15,15,15,15,15,15,15,11,0,0,0,3,7,7,15,15,11,0,11,15,15,11,0,0,0,0,3,7,7,7,7,3,0,11,15,15,15,15,15,15,15,15,15,15,15,15,15,15,15,15,15,15,15,15,15,15,15,15,15,15,7,7,15,3,0,0,0,0,0,0,0,0,0,0,0,0,0,0,0,0,0,0,0,0,0,0,0,0,0,0,0,0
0,0,0,0,0,0,0,0,0,0,0,0,0,0,0,0,0,0,0,0,0,0,0,0,0,3,15,15,15,15,15,15,15,15,15,15,15,15,15,11,0,11,15,15,15,11,0,0,0,0,0,11,15,15,15,11,0,11,15,15,15,15,15,11,0,0,0,3,15,15,15,11,0,11,15,15,11,0,11,15,15,11,0,11,15,15,15,15,7,15,15,15,15,15,15,15,7,7,7,7,15,7,7,15,15,15,15,15,7,7,3,0,11,7,15,15,11,0,11,15,15,15,7,7,3,0,11,15,15,15,15,11,0,11,15,15,15,15,15,15,15,15,15,15,15,15,15,15,15,15,15,15,15,15,15,15,15,15,15,15,15,15,15,11,0,0,0,0,0,0,0,0,0,0,0,0,0,0,0,0,0,0,0,0,0,0,0,0,0,0,0,0
0,0,0,0,0,0,0,0,0,0,0,0,0,0,0,0,0,0,0,0,0,0,0,0,0,0,11,15,7,7,7,7,7,7,7,7,7,7,7,3,0,11,15,15,15,15,7,7,7,3,0,11,15,15,15,11,0,11,15,15,15,15,15,11,0,0,0,0,11,15,15,11,0,11,15,15,11,0,11,15,15,11,0,11,15,15,15,15,15,15,15,15,15,15,15,11,0,0,16,16,10,0,0,11,15,15,15,15,15,15,15,7,11,0,11,15,11,0,11,15,15,15,15,15,11,0,11,15,15,15,15,11,0,11,15,15,15,15,15,15,15,7,7,7,7,7,7,7,7,7,15,15,15,7,7,7,7,7,15,15,15,15,15,15,1,0,0,0,0,0,0,0,0,0,0,0,0,0,0,0,0,0,0,0,0,0,0,0,0,0,0,0
0,0,0,0,0,0,0,0,0,0,0,0,0,0,0,0,0,0,0,0,0,0,0,3,7,7,15,11,0,0,0,0,0,0,0,0,0,0,0,0,0,11,15,15,15,15,15,15,15,11,0,11,15,15,15,11,0,11,15,15,15,15,15,15,5,1,0,0,3,7,7,3,0,11,15,15,11,0,11,15,15,11,0,11,15,15,15,15,15,15,15,7,15,15,15,11,0,0,16,16,10,0,0,11,15,15,15,7,15,15,15,15,11,0,11,15,11,0,11,15,15,15,15,15,15,7,15,7,7,7,7,3,0,11,15,15,15,15,15,15,11,0,0,0,0,0,0,0,0,0,11,15,11,0,0,0,0,0,11,15,15,15,15,11,0,0,0,0,0,0,0,0,0,0,0,0,0,0,0,0,0,0,0,0,0,0,0,0,0,0,0,0
0,0,0,0,0,0,0,0,0,0,0,0,0,0,0,0,0,0,0,0,0,0,0,11,15,15,15,11,0,3,7,7,7,7,7,7,7,7,7,7,7,15,15,15,15,15,15,15,15,11,0,11,15,15,15,11,0,11,15,15,15,15,15,11,0,0,0,0,0,0,0,0,0,11,15,15,15,7,15,15,15,11,0,11,15,15,15,15,15,15,11,0,11,15,15,15,3,0,16,19,15,7,7,15,15,15,11,0,11,15,15,15,11,0,11,15,11,0,11,15,15,15,15,15,15,15,11,0,0,0,0,0,0,11,15,15,15,15,15,15,11,0,3,7,7,7,7,7,7,7,15,15,15,7,7,7,3,0,11,15,15,15,15,15,7,3,0,0,0,0,0,0,0,0,0,0,0,0,0,0,0,0,0,0,0,0,0,0,0,0,0,0
0,0,0,0,0,0,0,0,0,0,0,0,0,0,0,0,0,0,0,0,0,0,3,15,15,15,15,11,0,11,15,15,15,15,15,15,15,15,15,15,15,15,15,15,15,15,15,15,15,11,0,11,15,15,15,15,5,15,15,15,15,15,15,11,0,3,7,7,7,7,7,7,7,15,15,15,15,15,15,15,15,11,0,11,15,15,15,15,15,15,11,0,11,15,15,15,15,23,23,15,15,15,15,15,15,15,11,0,11,15,15,15,11,0,11,15,11,0,11,15,15,15,15,15,15,15,11,0,3,7,7,7,7,15,15,15,15,15,15,15,11,0,11,15,15,15,15,15,15,15,15,15,15,15,15,15,11,0,11,15,15,15,15,15,15,15,1,0,0,0,0,0,0,0,0,0,0,0,0,0,0,0,0,0,0,0,0,0,0,0,0,0
0,0,0,0,0,0,0,0,0,0,0,0,0,0,0,0,0,0,0,0,0,0,3,7,15,15,15,3,0,11,15,15,15,15,15,15,15,15,15,15,15,15,15,15,15,15,15,15,15,11,0,11,15,15,15,11,0,11,15,15,15,15,15,11,0,11,15,15,15,15,15,15,15,15,15,15,15,15,15,15,15,11,0,11,15,15,15,15,7,7,3,0,3,7,7,15,15,15,15,15,15,15,15,15,7,7,3,0,3,7,7,15,11,0,11,15,15,7,15,15,7,15,15,15,15,15,11,0,11,15,15,15,15,7,15,7,7,7,7,7,3,0,11,15,15,15,15,7,7,7,7,15,15,15,15,15,11,0,3,7,7,7,15,15,15,3,0,0,0,0,0,0,0,0,0,0,0,0,0,0,0,0,0,0,0,0,0,0,0,0,0,0
0,0,0,0,0,0,0,0,0,0,0,0,0,0,0,0,0,0,0,0,0,0,0,0,11,15,11,0,0,11,15,15,15,15,15,15,15,15,15,15,15,15,15,15,15,15,15,15,15,11,0,11,15,15,15,11,0,11,15,15,15,15,15,15,7,15,15,15,15,15,15,15,15,15,15,7,15,15,15,15,15,11,0,11,15,15,15,11,0,0,0,0,0,0,0,11,15,15,15,15,15,15,15,11,0,0,0,0,0,0,0,11,11,0,11,15,15,15,15,11,0,3,15,15,15,15,15,7,15,15,15,15,11,0,2,0,0,0,0,0,0,0,11,15,15,15,11,0,0,0,0,3,15,15,15,15,11,0,0,0,0,0,11,15,11,0,0,0,0,0,0,0,0,0,0,0,0,0,0,0,0,0,0,0,0,0,0,0,0,0,0,0
0,0,0,0,0,0,0,0,0,0,0,0,0,0,0,0,0,0,0,0,0,0,0,3,15,15,15,3,0,11,15,15,15,15,7,7,7,7,7,7,7,7,7,7,7,7,7,7,7,3,0,11,15,15,15,11,0,11,15,15,15,15,15,15,7,15,15,15,15,15,15,15,15,15,11,0,3,15,15,15,15,15,7,15,15,15,15,15,7,7,3,0,3,7,7,15,15,15,15,15,15,15,15,15,5,5,3,0,3,7,7,15,11,0,11,15,15,7,15,15,1,0,3,15,15,15,15,7,15,15,15,15,11,0,3,7,7,7,7,7,7,7,15,15,15,15,15,3,0,0,0,0,11,15,15,15,15,7,7,7,3,0,11,15,15,7,7,3,0,0,0,0,0,0,0,0,0,0,0,0,0,0,0,0,0,0,0,0,0,0,0,0
0,0,0,0,0,0,0,0,0,0,0,0,0,0,0,0,0,0,0,0,0,0,3,15,15,15,15,11,0,11,15,15,15,11,0,0,0,0,0,0,0,0,0,0,0,0,0,0,0,0,0,11,15,15,15,11,0,11,15,15,15,15,15,11,0,11,15,15,15,15,15,15,15,15,15,1,0,3,15,15,15,15,15,15,15,15,15,15,15,15,11,0,11,15,15,15,15,15,15,15,15,15,15,11,16,16,10,0,11,15,15,15,11,0,11,15,11,0,11,11,0,0,0,11,15,15,11,0,11,15,15,15,11,0,11,15,15,15,15,15,15,15,15,15,15,15,15,3,0,0,0,0,11,15,15,15,15,15,15,15,11,0,11,15,15,15,15,3,0,0,0,0,0,0,0,0,0,0,0,0,0,0,0,0,0,0,0,0,0,0,0,0
0,0,0,0,0,0,0,0,0,0,0,0,0,0,0,0,0,0,0,0,1,5,7,15,15,15,15,11,0,11,15,15,15,3,0,3,7,7,7,1,0,0,0,3,7,7,7,7,7,3,0,11,15,15,15,11,0,11,15,15,15,15,15,11,0,11,15,15,15,7,7,15,15,15,11,0,0,0,11,15,15,15,7,7,15,15,15,15,15,15,11,0,11,15,15,15,15,15,15,15,15,15,15,11,16,16,10,0,11,15,15,15,11,0,11,15,11,0,11,11,0,0,0,11,15,15,11,0,11,15,15,15,11,0,11,15,15,15,15,15,15,7,15,15,15,15,11,0,0,0,0,0,11,15,15,15,15,7,15,15,11,0,11,15,15,15,11,0,0,0,0,0,0,0,0,0,0,0,0,0,0,0,0,0,0,0,0,0,0,0,0,0
0,0,0,0,0,0,0,0,0,0,0,0,0,0,0,0,0,0,0,0,0,0,0,11,15,15,15,11,0,11,15,15,11,0,0,11,15,15,11,0,0,0,0,11,15,15,15,15,15,11,0,11,15,15,15,11,0,11,15,15,15,15,15,11,0,11,15,7,3,0,0,11,15,15,15,3,0,0,11,15,15,11,0,0,3,15,15,15,15,15,15,7,15,15,15,15,15,15,15,15,15,15,15,11,16,19,15,7,15,15,15,15,11,0,11,15,11,0,11,3,0,0,3,15,15,15,11,0,11,15,15,15,11,0,11,15,15,15,15,15,11,0,11,15,15,15,11,0,0,0,0,0,11,15,15,15,11,0,11,15,11,0,11,15,15,15,11,0,0,0,0,0,0,0,0,0,0,0,0,0,0,0,0,0,0,0,0,0,0,0,0,0
0,0,0,0,0,0,0,0,0,0,0,0,0,0,0,0,0,0,0,0,3,7,7,15,15,15,15,11,0,11,15,15,15,3,0,11,15,15,15,7,7,3,0,11,15,15,15,15,15,11,0,11,15,15,15,11,0,11,15,15,15,15,15,11,0,11,11,0,0,0,0,11,15,15,15,15,3,0,11,15,15,11,0,0,0,3,15,15,15,15,15,15,15,15,15,15,15,15,15,15,15,15,15,15,23,15,15,15,15,15,15,15,11,0,11,15,15,7,11,0,0,0,3,15,15,15,11,0,11,15,15,15,11,0,11,15,15,15,15,15,11,0,11,15,15,15,11,0,0,0,0,0,11,15,15,15,11,0,11,15,11,0,11,15,15,15,15,1,0,0,0,0,0,0,0,0,0,0,0,0,0,0,0,0,0,0,0,0,0,0,0,0
0,0,0,0,0,0,0,0,0,0,0,0,0,0,0,0,0,0,0,0,11,15,15,15,15,15,15,11,0,11,15,15,15,11,0,11,15,15,15,15,15,11,0,11,15,15,15,15,15,11,0,11,15,15,15,3,0,11,15,15,15,15,15,11,0,11,15,7,7,3,0,11,15,15,15,15,11,0,11,15,15,11,0,0,0,0,11,15,15,15,15,15,15,15,15,15,15,15,15,15,15,15,15,15,15,15,15,15,15,15,15,15,11,0,11,15,15,15,15,7,7,3,0,11,15,15,11,0,11,15,15,15,11,0,11,15,15,15,15,15,11,0,11,15,15,15,11,0,0,0,0,3,15,15,15,15,11,0,11,15,11,0,11,15,15,15,11,0,0,0,0,0,0,0,0,0,0,0,0,0,0,0,0,0,0,0,0,0,0,0,0,0
0,0,0,0,0,0,0,0,0,0,0,0,0,0,0,0,0,0,0,0,11,15,15,15,15,15,15,11,0,11,15,15,15,15,7,15,15,15,15,15,15,15,7,15,15,15,15,15,15,15,7,15,15,15,11,0,0,11,15,15,15,15,15,11,0,11,15,15,15,11,0,11,15,15,15,15,11,0,11,15,15,11,0,2,0,0,11,15,15,15,15,15,15,15,15,7,7,15,15,7,7,15,15,15,15,15,15,15,15,15,15,15,11,0,11,15,15,7,15,15,15,15,7,15,15,15,11,0,11,15,15,15,11,0,11,15,15,15,15,15,11,0,11,15,15,15,11,0,0,0,3,15,15,15,15,15,11,0,11,15,11,0,11,15,15,15,15,7,3,0,0,0,0,0,0,0,0,0,0,0,0,0,0,0,0,0,0,0,0,0,0,0
0,0,0,0,0,0,0,0,0,0,0,0,0,0,0,0,0,0,0,0,11,15,15,15,15,15,15,11,0,11,15,15,15,15,15,15,15,15,15,15,15,15,15,15,15,15,15,15,15,15,15,15,15,15,15,3,0,11,15,15,15,15,15,11,0,11,15,15,15,15,7,15,15,15,15,15,11,0,11,15,15,11,0,3,5,5,7,7,7,7,7,7,7,7,3,0,0,11,11,0,0,3,7,7,7,7,7,7,7,7,15,15,3,0,11,15,11,0,11,15,15,15,15,15,15,15,11,0,11,15,15,15,11,0,11,15,15,15,15,15,11,0,11,15,15,15,15,7,7,7,15,15,15,15,15,15,11,0,11,15,11,0,11,15,15,15,15,7,3,0,0,0,0,0,0,0,0,0,0,0,0,0,0,0,0,0,0,0,0,0,0,0
0,0,0,0,0,0,0,0,0,0,0,0,0,0,0,0,0,0,0,0,3,7,15,15,15,15,15,11,0,11,15,15,15,15,15,15,15,15,15,15,15,15,15,15,15,15,15,15,15,15,15,15,15,15,15,11,0,11,15,15,15,15,15,11,0,11,15,15,15,15,15,15,15,15,15,15,11,0,11,15,15,11,0,0,0,0,0,0,0,0,0,0,0,0,0,0,0,11,11,0,0,0,0,0,0,0,0,0,0,0,11,11,0,0,11,15,11,0,11,15,15,15,15,15,15,15,11,0,11,15,15,15,15,7,15,15,15,15,15,15,11,0,11,15,15,15,15,15,15,15,15,15,15,15,15,15,11,0,11,15,11,0,11,15,15,15,11,0,0,0,0,0,0,0,0,0,0,0,0,0,0,0,0,0,0,0,0,0,0,0,0,0
0,0,0,0,0,0,0,0,0,0,0,0,0,0,0,0,0,0,0,0,0,0,11,15,15,15,15,15,5,15,15,15,15,15,15,15,15,15,15,15,15,15,15,15,15,15,15,15,15,15,15,15,15,15,15,11,0,11,15,15,15,15,15,11,0,3,7,7,7,7,7,7,7,15,15,15,11,0,11,15,15,15,7,7,7,7,7,7,7,7,7,7,7,7,7,7,7,15,15,7,7,7,7,7,7,7,7,7,7,7,15,15,7,7,15,15,11,0,11,15,15,15,7,7,7,7,3,0,11,15,15,15,15,15,15,15,15,15,15,15,11,0,11,15,15,15,15,15,15,15,15,15,15,15,15,15,11,0,11,15,11,0,11,15,15,15,11,0,0,0,0,0,0,0,0,0,0,0,0,0,0,0,0,0,0,0,0,0,0,0,0,0
0,0,0,0,0,0,0,0,0,0,0,0,0,0,0,0,0,0,0,0,3,7,15,15,15,15,15,11,0,3,7,7,7,7,7,7,7,7,15,7,7,7,7,7,7,7,7,7,7,7,15,7,7,7,7,3,0,11,15,15,15,15,15,11,0,0,0,0,0,0,0,0,0,11,15,15,11,0,11,15,15,15,15,15,15,15,15,15,15,15,15,15,15,15,15,15,15,15,15,15,15,15,15,15,15,15,15,15,15,15,15,15,15,15,15,15,11,0,11,15,15,11,0,0,0,0,0,0,11,15,15,15,15,7,15,15,15,15,15,15,11,0,11,15,15,7,7,7,7,7,7,7,7,7,7,7,3,0,11,15,11,0,11,15,15,15,15,5,1,0,0,0,0,0,0,0,0,0,0,0,0,0,0,0,0,0,0,0,0,0,0,0
0,0,0,0,0,0,0,0,0,0,0,0,0,0,0,0,0,0,0,0,11,15,15,15,15,15,15,11,0,0,0,0,0,0,0,0,0,0,10,0,0,0,0,0,0,0,0,0,0,0,10,0,0,0,0,0,0,11,15,15,15,15,15,15,7,7,7,7,7,3,0,0,0,11,15,15,11,0,11,15,15,15,15,15,15,15,15,15,15,15,15,15,15,15,15,15,15,15,15,15,15,15,15,15,15,15,15,15,15,15,15,15,15,15,15,15,11,0,11,15,15,11,0,3,3,0,1,7,15,15,15,15,11,0,11,15,15,15,15,15,11,0,11,15,11,0,0,0,0,0,0,0,0,0,0,0,0,0,11,15,11,0,11,15,15,15,11,0,0,0,0,0,0,0,0,0,0,0,0,0,0,0,0,0,0,0,0,0,0,0,0,0
0,0,0,0,0,0,0,0,0,0,0,0,0,0,0,0,0,0,0,0,3,7,7,15,15,15,15,15,5,1,0,0,0,3,7,7,7,7,15,7,7,7,7,3,0,3,7,7,7,7,15,3,0,3,7,7,7,15,15,15,15,15,15,15,15,15,15,15,15,11,0,0,0,11,15,15,11,0,3,7,7,7,7,7,7,7,7,15,15,7,7,7,7,7,7,7,7,15,7,7,7,7,7,7,7,15,7,7,7,7,7,7,7,7,7,7,3,0,11,15,15,11,0,11,3,0,0,11,15,15,15,15,11,0,11,15,15,15,15,15,15,7,15,15,15,7,7,7,7,7,7,7,7,7,7,7,7,7,15,15,11,0,11,15,15,15,11,0,0,0,0,0,0,0,0,0,0,0,0,0,0,0,0,0,0,0,0,0,0,0,0,0
0,0,0,0,0,0,0,0,0,0,0,0,0,0,0,0,0,0,0,0,0,0,0,11,15,15,15,11,0,0,0,0,0,11,15,15,15,15,15,15,15,15,15,11,0,11,15,15,15,15,15,11,0,11,15,15,15,15,15,15,15,15,15,15,15,15,15,15,15,15,7,3,0,11,15,15,11,0,0,0,0,0,0,0,0,0,0,11,11,0,0,0,0,0,0,0,0,10,0,0,0,0,0,16,16,10,0,0,0,0,0,0,0,0,0,0,0,0,11,15,15,11,0,10,0,0,0,3,15,15,15,15,11,0,11,15,15,15,15,15,15,15,15,15,15,15,15,15,15,15,15,15,15,15,15,15,15,15,15,15,11,0,11,15,15,15,15,5,1,0,0,0,0,0,0,0,0,0,0,0,0,0,0,0,0,0,0,0,0,0,0,0
0,0,0,0,0,0,0,0,0,0,0,0,0,0,0,0,0,0,0,0,0,1,7,15,15,15,15,15,7,7,3,0,0,11,15,15,15,15,15,15,15,15,15,11,0,11,15,15,15,15,15,11,0,11,15,15,15,15,15,7,7,7,7,7,7,7,7,7,15,15,15,11,0,11,15,15,15,7,7,7,7,7,7,7,7,7,7,15,15,7,7,7,7,7,7,7,7,15,7,7,7,3,0,16,16,11,7,7,7,7,3,0,0,0,3,7,7,7,15,15,15,11,0,11,7,7,3,0,11,15,15,15,11,0,11,15,15,15,15,15,15,15,15,15,15,15,15,15,15,15,15,15,15,15,15,15,15,15,15,15,11,0,11,15,15,15,11,0,0,0,0,0,0,0,0,0,0,0,0,0,0,0,0,0,0,0,0,0,0,0,0,0
0,0,0,0,0,0,0,0,0,0,0,0,0,0,0,0,0,0,0,0,2,0,11,15,15,15,15,15,15,15,11,0,0,11,15,15,15,15,15,15,15,15,15,11,0,11,15,15,15,15,15,11,0,11,15,15,15,15,11,0,0,0,0,0,0,0,0,0,11,15,15,11,0,11,15,15,15,15,15,15,15,15,15,15,15,15,15,15,15,15,15,15,15,15,15,15,15,15,15,15,15,11,16,16,19,15,15,15,15,15,11,0,0,0,11,15,15,15,15,15,15,11,0,11,15,15,15,7,15,15,15,15,11,0,11,15,15,15,15,15,15,15,15,15,15,15,15,15,15,15,15,15,15,15,15,15,15,15,15,15,11,0,11,15,15,15,11,0,0,0,0,0,0,0,0,0,0,0,0,0,0,0,0,0,0,0,0,0,0,0,0,0
0,0,0,0,0,0,0,0,0,0,0,0,0,0,0,0,0,0,0,0,3,7,15,15,15,15,15,15,15,15,15,3,0,11,15,15,15,15,15,15,15,15,15,11,0,11,15,15,15,15,15,11,0,11,15,15,15,15,3,0,0,3,7,7,7,7,3,0,3,15,15,11,0,11,15,15,15,15,15,15,15,15,15,15,15,15,15,15,15,15,15,15,15,15,15,15,15,15,15,15,15,15,23,23,15,15,15,15,15,15,15,7,3,0,11,15,15,15,15,15,15,11,0,11,15,15,15,15,15,15,15,15,11,0,11,15,15,15,15,15,15,15,15,15,15,15,15,15,15,15,15,15,15,15,15,15,15,15,15,15,11,0,11,15,15,15,11,0,0,0,0,0,0,0,0,0,0,0,0,0,0,0,0,0,0,0,0,0,0,0,0,0
0,0,0,0,0,0,0,0,0,0,0,0,0,0,0,0,0,0,0,0,0,3,15,15,15,15,15,15,15,15,15,11,0,11,15,15,15,15,15,15,15,15,15,11,0,11,15,15,15,15,15,11,0,11,15,15,15,11,0,0,3,15,15,15,15,15,11,0,0,11,15,11,0,3,7,15,15,15,15,15,15,15,15,15,15,15,15,15,15,15,15,15,15,15,15,15,15,15,15,15,15,15,15,15,15,15,15,15,15,15,15,15,15,7,15,15,15,15,7,7,7,3,0,11,15,15,15,15,15,15,15,15,11,0,11,15,15,15,15,15,15,15,15,15,15,15,15,15,15,15,15,15,15,15,15,15,15,15,15,15,11,0,11,15,15,15,11,0,0,0,0,0,0,0,0,0,0,0,0,0,0,0,0,0,0,0,0,0,0,0,0,0
0,0,0,0,0,0,0,0,0,0,0,0,0,0,0,0,0,0,0,0,2,0,11,15,15,15,15,15,15,15,15,11,0,11,15,15,7,15,15,15,7,15,15,11,0,11,15,15,7,15,15,11,0,11,15,15,15,15,3,0,11,15,15,7,7,15,11,0,3,15,15,11,0,0,0,11,15,15,15,7,7,7,7,7,7,7,7,7,15,15,15,7,7,7,7,7,7,7,7,15,15,15,7,7,7,7,7,7,7,15,15,15,15,15,7,7,15,11,0,0,0,0,0,11,15,15,15,15,15,15,15,15,11,0,3,7,7,7,7,7,7,7,7,7,7,7,15,15,15,7,7,7,7,7,7,15,7,7,7,7,3,0,11,15,15,15,15,7,3,0,0,0,0,0,0,0,0,0,0,0,0,0,0,0,0,0,0,0,0,0,0,0
0,0,0,0,0,0,0,0,0,0,0,0,0,0,0,0,0,0,0,0,11,7,15,15,15,15,15,15,15,15,7,11,0,11,15,11,0,11,15,11,0,11,15,11,0,11,15,11,0,11,15,11,0,11,15,15,15,15,11,0,11,15,11,0,0,11,11,0,11,15,15,15,7,3,0,11,15,15,11,0,0,0,0,0,0,0,0,0,11,15,11,0,0,0,0,0,0,0,0,11,15,11,0,0,0,0,0,0,0,11,15,15,15,11,0,0,11,15,7,7,7,7,7,15,15,15,15,15,15,15,15,15,11,0,0,0,0,0,0,0,0,0,0,0,0,0,11,15,3,0,0,0,0,0,0,10,0,0,0,0,0,0,11,15,15,15,15,15,11,0,0,0,0,0,0,0,0,0,0,0,0,0,0,0,0,0,0,0,0,0,0,0
0,0,0,0,0,0,0,0,0,0,0,0,0,0,0,0,0,0,0,0,11,15,15,15,15,15,15,15,15,11,0,10,0,11,15,11,0,11,15,11,0,11,15,11,0,11,15,11,0,11,15,11,0,11,15,15,15,15,3,0,11,15,15,7,7,15,11,0,3,15,15,15,15,15,7,15,15,15,15,7,7,7,7,7,7,7,7,7,15,15,15,7,7,7,7,7,7,7,7,15,15,15,7,7,7,7,7,7,7,15,15,15,15,15,7,7,15,15,15,15,15,15,15,15,15,15,15,15,15,15,15,15,15,7,7,7,7,7,7,7,7,7,7,7,7,7,15,15,7,7,7,7,7,7,7,15,7,7,7,7,7,7,15,15,15,15,15,7,3,0,0,0,0,0,0,0,0,0,0,0,0,0,0,0,0,0,0,0,0,0,0,0
0,0,0,0,0,0,0,0,0,0,0,0,0,0,0,0,0,0,0,0,3,7,15,15,15,15,15,15,15,15,7,11,0,11,15,11,0,11,15,11,0,11,15,11,0,11,15,11,0,11,15,11,0,11,15,15,15,11,0,0,3,15,15,15,15,15,3,0,0,11,15,15,15,15,15,15,15,15,15,15,15,15,15,15,15,15,15,15,15,15,15,15,15,15,15,15,15,15,15,15,15,15,15,15,15,15,15,15,15,15,15,15,15,15,15,15,15,15,15,15,15,15,15,15,15,15,15,15,15,15,15,15,15,15,15,15,15,15,15,15,15,15,15,15,15,15,15,15,15,15,15,15,15,15,15,15,15,15,15,15,15,15,15,15,15,15,11,0,0,0,0,0,0,0,0,0,0,0,0,0,0,0,0,0,0,0,0,0,0,0,0,0
0,0,0,0,0,0,0,0,0,0,0,0,0,0,0,0,0,0,0,0,0,0,11,15,15,15,15,15,15,15,15,11,0,3,7,3,0,3,7,3,0,3,7,3,0,3,7,3,0,3,7,3,0,11,15,15,15,15,3,0,0,3,15,15,15,3,0,0,3,15,15,15,15,15,15,15,15,15,15,15,15,15,15,15,15,15,15,15,15,15,15,15,15,15,15,15,15,15,15,15,15,15,15,15,15,15,15,15,15,15,15,15,15,15,15,15,15,15,15,15,15,15,15,15,15,15,15,15,15,15,15,15,15,15,15,15,15,15,15,15,15,15,15,15,15,15,15,15,15,15,15,15,15,15,15,15,15,15,15,15,15,15,15,15,15,15,11,0,0,0,0,0,0,0,0,0,0,0,0,0,0,0,0,0,0,0,0,0,0,0,0,0
0,0,0,0,0,0,0,0,0,0,0,0,0,0,0,0,0,0,0,0,3,7,15,15,15,15,15,15,15,15,15,11,0,0,0,0,0,0,0,0,0,0,0,0,0,0,0,0,0,0,0,0,0,11,15,15,15,15,11,0,0,0,11,15,11,0,0,0,11,15,15,15,7,7,7,7,7,7,7,7,7,15,15,15,15,15,15,15,15,15,15,15,15,15,15,15,15,15,15,15,15,15,15,15,15,15,15,15,15,15,15,15,15,15,15,15,15,15,15,15,15,15,15,15,15,15,15,15,15,15,15,15,15,15,15,15,15,15,15,15,15,15,15,15,15,15,15,15,15,15,15,15,15,15,15,15,15,15,15,15,15,15,15,15,15,15,15,5,5,1,0,0,0,0,0,0,0,0,0,0,0,0,0,0,0,0,0,0,0,0,0,0
0,0,0,0,0,0,0,0,0,0,0,0,0,0,0,0,0,0,0,0,11,15,15,15,15,15,15,15,15,15,15,15,7,7,7,7,7,7,7,7,7,7,7,7,7,7,7,7,7,7,7,7,7,15,15,15,15,15,15,7,7,7,15,15,15,7,7,7,15,15,15,3,0,0,0,0,0,0,0,0,0,3,7,7,7,7,7,7,15,15,15,7,7,7,7,7,7,7,7,7,7,7,7,7,7,7,7,7,15,15,15,7,7,7,7,7,7,7,7,7,7,7,7,7,15,15,15,15,15,15,15,15,15,15,15,15,15,15,15,15,15,15,15,15,15,15,15,15,15,15,15,15,15,15,15,15,15,15,15,15,15,15,15,15,15,15,11,0,0,0,0,0,0,0,0,0,0,0,0,0,0,0,0,0,0,0,0,0,0,0,0,0
0,0,0,0,0,0,0,0,0,0,0,0,0,0,0,0,0,0,0,0,11,15,15,15,15,15,15,15,15,15,15,15,15,7,7,15,15,15,15,15,15,15,15,15,15,15,15,15,15,15,15,15,15,15,15,15,15,15,15,15,15,15,15,15,15,15,15,15,15,15,11,0,0,0,0,0,0,0,0,0,0,0,0,0,0,0,0,0,11,15,11,0,0,0,0,0,0,0,0,0,0,0,0,0,0,0,0,0,11,15,11,0,0,0,0,0,0,0,0,0,0,0,0,0,11,15,15,15,15,15,15,15,7,7,7,7,7,7,7,7,7,7,7,7,7,7,7,7,7,7,7,7,7,7,15,15,15,7,7,7,7,7,7,7,15,15,11,0,0,0,0,0,0,0,0,0,0,0,0,0,0,0,0,0,0,0,0,0,0,0,0,0
0,0,0,0,0,0,0,0,0,0,0,0,0,0,0,0,0,0,0,0,3,7,15,15,15,15,15,15,15,15,15,15,11,0,0,3,15,15,15,15,15,15,15,15,15,15,15,15,15,15,15,15,15,15,15,15,15,15,15,15,15,15,15,15,15,15,15,15,15,15,15,7,7,7,7,7,7,7,7,7,7,7,7,7,7,7,7,7,15,15,15,7,7,7,7,7,7,7,7,7,7,7,7,7,7,3,0,3,15,15,15,7,7,7,7,7,7,7,7,7,7,7,7,7,15,15,15,15,15,15,15,3,0,0,0,0,0,0,0,0,0,0,0,0,0,0,0,0,0,0,0,0,0,0,11,15,11,0,0,0,0,0,0,0,11,15,15,5,1,0,0,0,0,0,0,0,0,0,0,0,0,0,0,0,0,0,0,0,0,0,0,0
0,0,0,0,0,0,0,0,0,0,0,0,0,0,0,0,0,0,0,0,0,0,11,15,15,15,15,15,15,15,15,15,11,0,0,0,11,15,15,15,15,15,15,15,15,15,15,15,15,15,15,15,15,15,15,15,15,15,15,15,15,15,15,15,15,15,15,15,15,15,15,15,15,15,15,15,15,15,15,15,15,15,15,15,15,15,15,15,15,15,15,15,15,15,15,15,15,15,15,15,15,15,15,15,15,15,7,15,15,15,15,15,15,15,15,15,15,15,15,15,15,15,15,15,15,15,15,15,15,15,11,0,0,0,0,0,3,7,7,7,7,7,7,7,7,7,7,7,7,7,7,7,7,7,15,15,15,7,7,7,7,7,3,0,11,15,11,0,0,0,0,0,0,0,0,0,0,0,0,0,0,0,0,0,0,0,0,0,0,0,0,0
0,0,0,0,0,0,0,0,0,0,0,0,0,0,0,0,0,0,0,0,3,7,15,15,15,15,15,15,15,15,15,15,15,7,3,0,11,15,15,15,15,15,15,15,15,15,15,15,15,15,15,15,15,15,7,7,15,15,15,15,15,15,15,15,15,15,15,15,15,15,15,15,15,15,15,15,15,15,15,15,15,15,15,15,15,15,15,15,15,15,15,15,15,15,15,15,15,15,15,15,7,7,7,7,15,7,15,15,15,7,15,15,15,7,15,15,7,7,7,15,15,15,15,15,15,15,15,15,15,15,11,0,3,7,7,7,15,15,15,15,15,15,15,15,15,15,15,15,15,15,15,15,15,15,15,15,15,15,15,15,15,15,11,0,11,15,11,0,0,0,0,0,0,0,0,0,0,0,0,0,0,0,0,0,0,0,0,0,0,0,0,0
0,0,0,0,0,0,0,0,0,0,0,0,0,0,0,0,0,0,0,0,3,15,15,15,15,15,15,15,7,7,7,7,7,7,7,5,7,7,7,15,15,15,7,7,7,7,7,7,7,7,7,7,7,3,0,0,3,7,7,7,7,7,7,7,15,15,15,15,15,15,15,15,15,15,15,15,15,15,15,15,15,15,15,15,15,15,15,15,15,15,15,15,15,15,15,15,15,15,15,3,0,0,0,0,2,0,3,7,3,0,3,7,3,0,3,3,0,0,0,3,15,15,15,15,15,15,15,15,15,15,11,0,11,15,15,15,15,15,15,15,15,15,15,15,15,15,15,15,15,15,15,15,15,15,15,15,15,15,15,15,15,15,11,0,11,15,15,5,1,0,0,0,0,0,0,0,0,0,0,0,0,0,0,0,0,0,0,0,0,0,0,0
0,0,0,0,0,0,0,0,0,0,0,0,0,0,0,0,0,0,0,0,0,11,15,15,15,15,15,11,0,0,0,0,0,0,0,0,0,0,0,11,15,11,0,0,0,0,0,0,0,0,0,0,0,0,0,0,0,0,0,0,0,0,0,0,11,15,15,15,15,7,7,15,15,7,7,7,7,7,7,7,7,7,7,7,7,7,7,7,7,7,15,15,15,15,15,15,15,15,11,0,0,0,0,0,0,0,0,0,0,0,0,0,0,0,0,0,0,0,0,0,11,15,15,15,15,15,15,15,15,15,11,0,11,15,15,15,7,7,7,7,7,7,7,7,7,7,7,7,7,7,7,7,7,7,7,7,7,7,7,15,15,15,11,0,11,15,11,0,0,0,0,0,0,0,0,0,0,0,0,0,0,0,0,0,0,0,0,0,0,0,0,0
0,0,0,0,0,0,0,0,0,0,0,0,0,0,0,0,0,0,0,0,0,11,15,15,15,15,15,11,0,3,7,7,7,7,5,7,7,7,7,15,15,15,7,7,5,7,7,7,7,7,7,7,7,5,7,7,7,7,7,7,7,7,3,0,11,15,15,15,11,0,0,11,11,0,0,0,0,0,0,0,0,0,0,0,0,0,0,0,0,0,11,15,15,15,15,15,15,15,11,0,0,0,0,3,3,0,3,7,3,0,3,7,3,0,3,3,0,0,0,0,11,15,15,15,15,15,15,15,15,15,11,0,11,15,15,3,0,0,0,0,0,0,0,0,0,0,0,0,0,0,0,0,0,0,0,0,0,0,0,11,15,15,11,0,11,15,15,3,0,0,0,0,0,0,0,0,0,0,0,0,0,0,0,0,0,0,0,0,0,0,0,0
0,0,0,0,0,0,0,0,0,0,0,0,0,0,0,0,0,0,0,0,3,15,15,15,15,15,15,11,0,11,15,15,15,11,0,11,15,15,15,15,15,15,15,11,0,11,15,15,15,15,15,15,11,0,11,15,15,15,15,15,15,15,15,5,15,15,15,15,11,0,3,15,15,7,7,7,7,7,7,7,3,0,3,7,7,7,7,7,3,0,11,15,15,15,15,15,7,7,15,7,7,7,7,15,15,7,15,15,15,7,15,15,15,7,15,15,7,7,7,7,15,7,7,7,15,15,15,15,15,15,11,0,11,15,11,0,3,7,7,7,7,7,7,7,7,3,0,0,3,7,7,7,7,7,7,7,7,3,0,11,15,15,11,0,11,15,15,11,0,0,0,0,0,0,0,0,0,0,0,0,0,0,0,0,0,0,0,0,0,0,0,0
0,0,0,0,0,0,0,0,0,0,0,0,0,0,0,0,0,0,0,0,3,15,15,15,15,15,15,11,0,11,15,15,15,11,0,11,15,15,15,15,15,15,15,11,0,11,15,15,15,15,15,15,11,0,11,15,15,15,15,15,15,15,11,0,11,15,15,15,11,0,11,15,15,15,15,15,15,15,15,15,11,0,11,15,15,15,15,15,11,0,11,15,15,15,15,3,0,0,11,15,15,15,15,15,15,15,15,15,15,15,15,15,15,15,15,15,15,15,15,15,11,0,0,0,11,15,15,15,15,15,15,7,15,15,11,0,11,15,15,15,15,15,15,15,15,11,0,0,11,15,15,15,15,15,15,15,15,11,0,11,15,15,11,0,11,15,15,11,0,0,0,0,0,0,0,0,0,0,0,0,0,0,0,0,0,0,0,0,0,0,0,0
0,0,0,0,0,0,0,0,0,0,0,0,0,0,0,0,0,0,0,0,0,11,15,15,15,15,15,11,0,11,15,15,15,11,0,11,15,15,15,15,15,15,15,11,0,11,15,15,15,15,15,15,11,0,11,15,15,15,15,15,15,15,11,0,11,15,15,15,11,0,11,15,15,15,15,15,15,15,7,7,3,0,3,15,15,15,15,15,11,0,11,15,15,15,11,0,0,0,11,15,15,15,15,15,15,15,15,15,15,15,15,15,15,15,15,15,15,15,15,15,11,0,0,0,11,15,15,15,15,15,15,15,15,15,11,0,11,15,15,15,15,7,15,15,15,11,0,0,11,15,15,15,15,7,15,15,15,11,0,11,15,15,11,0,11,15,15,15,3,0,0,0,0,0,0,0,0,0,0,0,0,0,0,0,0,0,0,0,0,0,0,0
0,0,0,0,0,0,0,0,0,0,0,0,0,0,0,0,0,0,0,0,0,11,15,15,15,15,15,11,0,11,15,15,15,11,0,11,15,15,15,15,15,15,15,11,0,11,15,15,15,15,15,15,11,0,11,15,15,15,15,15,15,15,11,0,11,15,15,15,11,0,11,15,15,15,15,15,15,11,0,0,0,0,0,11,15,15,15,15,11,0,11,15,15,15,11,0,0,0,11,15,15,15,15,15,15,15,15,15,15,15,15,15,15,15,15,15,15,15,15,15,11,0,0,0,11,15,15,15,15,15,15,7,15,15,11,0,11,15,15,15,11,0,11,15,15,11,0,0,11,15,15,15,11,0,11,15,15,11,0,11,15,15,11,0,11,15,15,15,3,0,0,0,0,0,0,0,0,0,0,0,0,0,0,0,0,0,0,0,0,0,0,0
0,0,0,0,0,0,0,0,0,0,0,0,0,0,0,0,0,0,0,0,3,15,15,15,15,15,15,11,0,11,15,15,15,15,7,15,15,15,15,15,7,15,15,15,7,15,15,15,15,15,15,15,15,7,15,7,15,15,15,15,15,15,11,0,11,15,15,15,11,0,11,15,15,15,15,15,15,15,7,7,7,7,7,15,15,15,15,15,11,0,11,15,15,15,11,0,0,0,11,15,15,15,15,15,7,7,7,7,7,7,7,7,7,7,15,15,15,15,15,15,11,0,0,0,11,15,15,15,15,15,11,0,11,15,11,0,11,15,15,15,15,7,15,15,15,15,7,7,15,15,15,15,15,7,15,15,15,11,0,11,15,15,11,0,11,15,15,11,0,0,0,0,0,0,0,0,0,0,0,0,0,0,0,0,0,0,0,0,0,0,0,0
0,0,0,0,0,0,0,0,0,0,0,0,0,0,0,0,0,0,0,0,11,15,15,15,15,15,15,11,0,11,15,15,15,7,7,7,7,7,7,3,0,3,7,7,7,7,7,7,7,7,15,15,15,15,3,0,3,15,15,15,15,15,11,0,11,15,15,15,11,0,11,15,15,15,15,15,15,15,15,15,15,15,15,15,15,15,15,15,11,0,11,15,15,15,15,3,0,3,15,15,15,15,15,11,0,0,0,0,0,0,0,0,0,0,11,15,15,15,15,15,15,3,0,3,15,15,15,15,15,15,11,0,11,15,11,0,11,15,15,15,15,15,15,15,15,15,15,15,15,15,15,15,15,15,15,15,15,11,0,11,15,15,11,0,11,15,15,15,1,0,0,0,0,0,0,0,0,0,0,0,0,0,0,0,0,0,0,0,0,0,0,0
0,0,0,0,0,0,0,0,0,0,0,0,0,0,0,0,0,0,0,0,11,15,15,15,15,7,7,11,0,11,15,15,11,0,0,0,0,0,0,0,0,0,0,0,0,0,0,0,0,0,11,15,15,11,0,0,0,11,15,15,15,15,11,0,11,15,15,15,11,0,11,15,15,15,15,15,15,15,15,15,15,15,15,15,15,15,15,15,11,0,11,15,15,15,15,3,0,3,15,15,15,15,15,15,7,7,7,7,7,7,7,7,7,7,15,15,15,15,15,15,15,3,0,3,15,15,15,15,15,15,11,0,11,15,11,0,11,15,15,15,15,15,15,15,15,15,15,15,15,15,15,15,15,15,15,15,15,11,0,11,15,15,11,0,11,15,15,11,0,0,0,0,0,0,0,0,0,0,0,0,0,0,0,0,0,0,0,0,0,0,0,0
0,0,0,0,0,0,0,0,0,0,0,0,0,0,0,0,0,0,0,0,3,7,15,15,11,0,0,10,0,11,15,15,11,0,3,7,7,7,7,3,0,3,7,7,7,7,7,7,7,7,15,15,15,15,3,0,3,15,15,15,15,15,11,0,11,15,15,15,11,0,11,15,15,15,15,15,7,7,7,7,7,7,7,15,15,15,15,15,11,0,11,15,15,15,11,0,0,0,11,15,15,15,15,15,15,15,15,15,15,15,15,15,15,15,15,15,7,7,15,15,11,0,0,0,11,15,15,15,15,15,11,0,11,15,11,0,11,15,15,15,15,15,15,15,15,15,15,15,15,15,15,15,15,15,15,15,15,11,0,11,15,15,11,0,11,15,15,3,0,0,0,0,0,0,0,0,0,0,0,0,0,0,0,0,0,0,0,0,0,0,0,0
0,0,0,0,0,0,0,0,0,0,0,0,0,0,0,0,0,0,0,0,0,0,11,15,11,0,0,10,0,11,15,15,11,0,11,15,15,15,15,11,0,11,15,15,15,15,15,15,15,15,15,15,15,15,11,0,11,15,15,15,15,15,11,0,11,15,15,15,11,0,11,15,15,15,15,11,0,0,0,0,0,0,0,11,15,15,15,15,11,0,11,15,15,15,15,3,0,3,15,15,15,15,15,15,15,15,15,15,15,15,15,15,15,15,15,11,0,0,11,15,15,3,0,3,15,15,15,15,15,15,11,0,11,15,11,0,11,15,15,15,15,7,7,15,15,15,15,15,15,15,15,15,15,15,15,15,15,11,0,11,15,15,11,0,11,15,11,0,0,0,0,0,0,0,0,0,0,0,0,0,0,0,0,0,0,0,0,0,0,0,0,0
0,0,0,0,0,0,0,0,0,0,0,0,0,0,0,0,0,0,0,0,0,3,15,15,15,7,7,11,0,11,15,15,11,0,11,15,15,15,15,11,0,11,15,15,15,15,15,15,15,15,15,15,15,15,11,0,11,15,15,15,15,15,11,0,11,15,15,15,11,0,11,15,15,15,15,15,7,7,7,7,7,7,7,15,15,15,15,15,11,0,11,15,15,15,15,11,0,11,15,15,15,15,15,15,7,15,15,15,15,15,15,15,15,15,15,11,0,0,11,15,15,11,0,11,15,15,15,15,15,15,11,0,11,15,11,0,11,15,15,15,11,0,0,11,15,15,15,15,15,15,15,15,7,7,15,15,15,11,0,11,15,15,11,0,11,15,15,7,1,0,0,0,0,0,0,0,0,0,0,0,0,0,0,0,0,0,0,0,0,0,0,0
0,0,0,0,0,0,0,0,0,0,0,0,0,0,0,0,0,0,0,0,0,11,15,15,15,15,15,11,0,11,15,15,11,0,11,15,15,15,15,11,0,11,15,15,15,7,7,15,15,7,7,15,15,15,11,0,11,15,15,15,15,15,11,0,11,15,15,15,11,0,11,15,15,15,15,15,15,15,15,15,15,15,15,15,15,7,7,15,11,0,11,15,15,15,15,3,0,3,15,15,15,15,15,11,0,11,15,15,15,15,15,15,15,15,15,11,0,0,11,15,15,3,0,3,15,15,15,15,15,15,11,0,11,15,15,7,15,15,15,15,11,0,0,11,15,15,15,15,15,15,15,11,0,0,11,15,15,15,7,15,15,15,11,0,11,15,15,11,0,0,0,0,0,0,0,0,0,0,0,0,0,0,0,0,0,0,0,0,0,0,0,0
0,0,0,0,0,0,0,0,0,0,0,0,0,0,0,0,0,0,0,0,0,11,15,15,15,15,15,11,0,11,15,15,11,0,11,15,15,15,15,11,0,11,15,15,11,0,0,11,11,0,0,11,15,15,11,0,11,15,15,15,15,15,11,0,11,15,15,15,11,0,11,15,15,15,15,15,15,15,15,15,15,15,15,15,11,0,0,11,11,0,11,15,15,15,11,0,0,0,11,15,15,15,15,15,7,15,15,15,15,15,15,15,15,15,15,15,7,7,15,15,11,0,0,0,11,15,15,15,15,15,11,0,11,15,15,15,15,15,15,15,11,0,0,11,15,15,15,15,15,15,15,11,0,0,11,15,15,15,15,15,15,15,11,0,11,15,15,15,3,0,0,0,0,0,0,0,0,0,0,0,0,0,0,0,0,0,0,0,0,0,0,0
0,0,0,0,0,0,0,0,0,0,0,0,0,0,0,0,0,0,0,0,0,11,15,15,15,15,15,11,0,11,15,15,11,0,11,15,15,15,15,15,7,15,15,15,11,0,3,15,15,3,0,11,15,15,11,0,11,15,15,15,15,15,11,0,11,15,15,15,11,0,11,15,15,15,15,15,15,15,15,15,15,15,15,15,15,7,7,15,11,0,11,15,15,15,15,3,0,3,15,15,15,15,15,15,15,15,15,15,15,15,15,15,15,15,15,15,15,15,15,15,15,3,0,3,15,15,15,15,15,15,11,0,11,15,15,7,15,15,15,15,11,0,0,11,15,15,15,15,15,15,15,11,0,0,11,15,15,15,7,15,15,15,15,7,15,15,15,15,3,0,0,0,0,0,0,0,0,0,0,0,0,0,0,0,0,0,0,0,0,0,0,0
0,0,0,0,0,0,0,0,0,0,0,0,0,0,0,0,0,0,0,0,0,11,15,15,15,15,15,11,0,11,15,15,11,0,11,15,15,15,15,15,15,15,15,15,15,7,15,15,15,15,7,15,15,15,11,0,11,15,15,15,15,15,11,0,11,15,15,15,11,0,11,15,15,15,15,15,15,15,15,15,15,7,15,15,15,15,15,15,11,0,11,15,15,15,15,11,0,11,15,15,15,15,15,15,15,15,15,15,15,15,15,15,15,15,15,15,15,15,15,15,15,11,0,11,15,15,15,15,15,15,11,0,11,15,11,0,11,15,15,15,11,0,0,11,15,15,15,15,15,15,15,11,0,0,11,15,15,11,0,11,15,15,15,15,15,15,15,11,0,0,0,0,0,0,0,0,0,0,0,0,0,0,0,0,0,0,0,0,0,0,0,0
0,0,0,0,0,0,0,0,0,0,0,0,0,0,0,0,0,0,0,0,0,11,15,15,15,15,15,15,7,15,15,15,11,0,11,15,15,15,15,15,7,15,15,15,15,7,15,15,15,15,7,15,15,15,11,0,3,15,15,15,15,15,11,0,11,15,15,15,11,0,3,7,7,7,7,7,7,7,15,15,11,0,11,15,15,15,15,15,11,0,11,15,15,15,15,3,0,3,15,15,15,15,15,15,15,15,15,15,15,15,15,15,15,15,15,15,15,15,15,15,15,3,0,3,15,15,15,15,15,15,11,0,11,15,11,0,11,15,15,15,11,0,0,11,15,15,15,15,15,15,15,11,0,0,11,15,15,11,0,11,15,15,15,7,15,15,15,7,1,0,0,0,0,0,0,0,0,0,0,0,0,0,0,0,0,0,0,0,0,0,0,0
0,0,0,0,0,0,0,0,0,0,0,0,0,0,0,0,0,0,0,0,0,11,15,15,15,15,15,15,15,15,15,15,11,0,11,15,15,15,15,11,0,11,15,15,11,0,3,15,15,3,0,11,15,15,11,0,0,11,15,15,15,15,11,0,11,15,15,15,11,0,0,0,0,0,0,0,0,0,11,15,11,0,11,15,15,15,15,15,11,0,11,15,15,15,11,0,0,0,11,15,15,15,15,15,7,7,7,7,7,7,7,7,7,7,15,15,15,15,15,15,11,0,0,0,11,15,15,15,15,15,11,0,11,15,11,0,11,15,15,15,11,0,3,15,15,15,15,15,15,15,15,11,0,0,11,15,15,11,0,11,15,15,11,0,11,15,11,0,0,0,0,0,0,0,0,0,0,0,0,0,0,0,0,0,0,0,0,0,0,0,0,0
0,0,0,0,0,0,0,0,0,0,0,0,0,0,0,0,0,0,0,0,0,11,15,15,15,15,15,15,7,15,15,15,11,0,11,15,15,15,15,11,0,11,15,15,11,0,0,11,11,0,0,11,15,15,11,0,0,11,15,15,15,15,11,0,11,15,15,15,11,0,3,7,7,7,7,7,7,7,15,15,11,0,11,15,15,15,15,15,11,0,11,15,15,15,15,3,0,1,15,15,15,15,15,11,0,0,0,0,0,0,0,0,0,0,11,15,15,15,15,15,15,3,0,1,15,15,15,15,15,15,11,0,11,15,11,0,11,15,15,15,15,7,15,15,15,15,15,15,15,15,15,11,0,3,15,15,15,11,0,11,15,15,11,0,11,15,11,0,0,0,0,0,0,0,0,0,0,0,0,0,0,0,0,0,0,0,0,0,0,0,0,0
0,0,0,0,0,0,0,0,0,0,0,0,0,0,0,0,0,0,0,0,0,3,15,15,15,15,15,11,0,11,15,15,11,0,11,15,15,15,15,11,0,11,15,15,15,7,7,15,15,7,7,15,15,15,3,0,3,15,15,15,15,15,11,0,11,15,15,15,11,0,11,15,15,15,15,15,15,15,15,15,11,0,11,15,15,15,15,15,11,0,11,15,15,15,15,3,0,0,11,15,15,15,15,15,7,7,7,7,7,7,7,7,7,7,15,15,15,15,15,15,15,3,0,0,11,15,15,15,15,15,11,0,11,15,11,0,11,15,15,15,15,15,15,15,15,15,15,15,15,15,15,15,7,15,15,15,15,11,0,11,15,15,11,0,11,15,15,7,7,3,0,0,0,0,0,0,0,0,0,0,0,0,0,0,0,0,0,0,0,0,0,0
0,0,0,0,0,0,0,0,0,0,0,0,0,0,0,0,0,0,0,0,0,0,11,15,15,15,15,11,0,11,15,15,11,0,11,15,15,15,15,11,0,11,15,15,15,15,15,15,15,15,15,15,15,11,0,0,11,15,15,15,15,15,11,0,11,15,15,15,11,0,3,7,7,7,7,7,7,7,7,7,3,0,3,7,7,7,7,7,3,0,11,15,15,15,11,0,0,0,11,15,15,15,15,15,15,15,15,15,15,15,15,15,15,15,15,15,15,15,15,15,11,0,0,0,11,15,15,15,15,15,11,0,11,15,11,0,11,15,15,15,15,15,15,15,15,15,15,15,15,15,15,15,15,15,15,15,15,11,0,11,15,15,11,0,11,15,15,15,7,11,0,0,0,0,0,0,0,0,0,0,0,0,0,0,0,0,0,0,0,0,0,0
0,0,0,0,0,0,0,0,0,0,0,0,0,0,0,0,0,0,0,0,0,1,15,15,15,15,15,11,0,11,15,15,15,7,15,15,15,15,15,11,0,11,15,15,15,15,15,15,15,15,15,15,15,11,0,0,11,15,15,15,15,15,11,0,11,15,15,15,11,0,0,0,0,0,0,0,0,0,0,0,0,0,0,0,0,0,0,0,0,0,11,15,15,15,11,0,0,0,11,15,15,15,15,15,15,15,15,15,15,15,15,15,15,15,15,15,15,15,15,15,11,0,0,0,11,15,15,15,15,15,11,0,11,15,11,0,11,15,15,15,15,15,15,15,15,15,15,15,15,15,15,15,15,15,15,15,15,11,0,11,15,15,11,0,11,15,15,11,0,10,0,0,0,0,0,0,0,0,0,0,0,0,0,0,0,0,0,0,0,0,0,0
0,0,0,0,0,0,0,0,0,0,0,0,0,0,0,0,0,0,0,0,0,0,11,15,15,15,15,11,0,11,15,15,15,7,7,7,7,7,7,3,0,11,15,15,7,7,7,15,15,15,7,7,7,7,1,0,11,15,15,15,15,15,11,0,11,15,15,15,15,7,7,7,7,7,7,7,7,7,7,7,7,7,7,7,7,7,7,7,7,7,15,15,15,15,11,0,0,0,11,15,15,15,15,15,15,15,15,15,15,15,15,15,15,15,15,15,15,15,15,15,11,0,0,0,11,15,15,15,15,15,11,0,11,15,11,0,11,15,15,15,15,15,15,15,15,15,15,15,15,15,15,15,15,15,15,15,15,11,0,11,15,15,11,0,11,15,15,15,7,3,0,0,0,0,0,0,0,0,0,0,0,0,0,0,0,0,0,0,0,0,0,0
0,0,0,0,0,0,0,0,0,0,0,0,0,0,0,0,0,0,0,0,0,3,15,15,15,15,15,11,0,11,15,15,11,0,0,0,0,0,0,0,0,11,15,11,0,0,0,11,15,11,0,0,0,0,0,0,11,15,15,15,15,15,11,0,11,15,15,15,15,15,15,15,15,15,15,15,15,15,15,15,15,15,15,15,15,15,15,15,15,15,15,15,15,15,15,3,0,0,11,15,15,15,15,15,15,15,15,15,15,15,15,15,15,15,15,15,15,15,15,15,11,0,0,3,15,15,15,15,15,15,15,5,15,15,11,0,11,15,15,15,15,15,15,15,15,15,15,15,15,15,15,15,15,15,15,15,15,11,0,11,15,15,11,0,11,15,15,15,3,0,0,0,0,0,0,0,0,0,0,0,0,0,0,0,0,0,0,0,0,0,0,0
0,0,0,0,0,0,0,0,0,0,0,0,0,0,0,0,0,0,0,0,0,3,15,15,15,15,15,11,0,11,15,15,11,0,3,7,7,7,7,7,7,15,15,11,0,3,7,15,15,15,7,7,7,7,7,7,15,15,7,15,15,15,15,7,15,15,15,15,15,15,15,15,15,15,15,15,15,15,15,15,15,15,15,15,15,15,15,15,15,15,15,15,15,15,15,15,7,7,15,7,7,7,7,7,15,7,15,15,15,7,15,15,15,7,15,15,7,7,7,7,15,7,7,15,15,15,15,15,15,15,11,0,11,15,11,0,3,7,7,7,7,7,7,7,7,7,7,7,7,15,15,7,7,7,7,7,7,3,0,11,15,15,11,0,11,15,15,11,0,2,0,0,0,0,0,0,0,0,0,0,0,0,0,0,0,0,0,0,0,0,0,0
0,0,0,0,0,0,0,0,0,0,0,0,0,0,0,0,0,0,0,0,0,0,11,15,15,15,15,11,0,11,15,15,15,7,15,15,15,15,15,15,15,15,15,11,0,11,15,15,15,15,15,15,15,15,15,15,15,11,0,11,15,15,15,15,15,15,15,15,15,15,15,15,15,15,15,15,15,15,15,15,15,15,15,15,15,15,15,15,15,15,15,15,15,15,15,15,15,15,11,0,0,0,0,0,2,0,3,7,3,0,3,7,3,0,3,3,0,0,0,0,11,15,15,15,15,15,15,15,15,15,15,7,15,15,15,3,0,0,0,0,0,0,0,0,0,0,0,0,0,11,11,0,0,0,0,0,0,0,3,15,15,15,11,0,11,15,15,15,5,11,0,0,0,0,0,0,0,0,0,0,0,0,0,0,0,0,0,0,0,0,0,0
0,0,0,0,0,0,0,0,0,0,0,0,0,0,0,0,0,0,0,0,0,3,15,15,15,15,15,11,0,11,15,15,15,15,15,15,15,15,15,15,15,15,15,11,0,11,15,15,15,15,15,15,15,15,15,15,15,11,0,11,15,15,15,7,15,15,15,15,15,15,15,15,7,7,7,15,15,7,15,15,15,7,15,15,15,7,15,15,7,7,7,15,15,15,15,15,15,15,11,0,0,0,0,0,0,0,0,0,0,0,0,0,0,0,0,0,0,0,0,0,11,15,15,15,15,15,15,15,15,15,15,7,15,15,15,15,7,7,7,7,7,7,7,7,7,7,7,7,7,15,15,7,7,7,7,7,7,7,15,15,15,15,11,0,11,15,15,11,0,10,0,0,0,0,0,0,0,0,0,0,0,0,0,0,0,0,0,0,0,0,0,0
0,0,0,0,0,0,0,0,0,0,0,0,0,0,0,0,0,0,0,0,0,11,15,15,15,15,15,11,0,11,15,15,15,7,15,15,15,15,15,15,15,15,15,11,0,11,15,15,15,7,7,15,15,15,15,15,15,11,0,11,15,15,11,0,11,15,15,15,15,15,15,3,0,0,0,3,3,0,3,7,3,0,3,7,3,0,3,3,0,0,0,3,15,15,15,15,15,15,15,3,0,0,0,3,3,0,3,7,3,0,3,7,3,0,3,3,0,0,0,3,15,15,15,15,15,15,15,15,15,15,11,0,11,15,15,15,15,15,15,15,15,15,15,15,15,15,15,15,15,15,15,15,15,15,15,15,15,15,15,15,15,15,11,0,11,15,15,15,7,3,0,0,0,0,0,0,0,0,0,0,0,0,0,0,0,0,0,0,0,0,0,0
0,0,0,0,0,0,0,0,0,0,0,0,0,0,0,0,0,0,0,0,0,11,15,15,15,15,15,11,0,11,15,15,11,0,11,15,15,15,15,15,15,15,15,11,0,11,15,15,11,0,0,11,15,15,15,15,15,11,0,11,15,15,11,0,11,15,15,15,15,15,11,0,0,0,0,0,0,0,0,0,0,0,0,0,0,0,0,0,0,0,0,0,11,15,15,15,15,15,15,15,7,7,7,15,15,7,15,15,15,7,15,15,15,7,15,15,7,7,7,15,15,15,15,15,15,15,15,15,15,15,11,0,11,15,15,15,15,15,15,15,15,15,15,15,15,15,15,15,15,15,15,15,15,15,15,15,15,15,15,15,15,15,11,0,11,15,7,15,3,0,0,0,0,0,0,0,0,0,0,0,0,0,0,0,0,0,0,0,0,0,0,0
0,0,0,0,0,0,0,0,0,0,0,0,0,0,0,0,0,0,0,0,0,3,15,15,15,15,15,11,0,11,15,15,11,0,11,15,15,15,15,15,15,15,15,11,0,11,15,15,11,0,0,11,15,15,15,15,15,11,0,11,15,15,11,0,11,15,15,15,15,15,11,0,0,0,0,3,3,0,3,7,3,0,3,7,3,0,3,3,0,0,0,0,11,15,15,15,15,15,15,15,15,15,15,15,15,15,15,15,15,15,15,15,15,15,15,15,15,15,7,7,7,7,7,15,15,15,15,15,15,15,11,0,11,15,15,7,7,7,7,7,15,15,15,7,7,7,7,7,7,7,7,7,7,7,7,7,7,7,7,15,15,15,11,0,11,11,0,10,0,0,0,0,0,0,0,0,0,0,0,0,0,0,0,0,0,0,0,0,0,0,0,0
0,0,0,0,0,0,0,0,0,0,0,0,0,0,0,0,0,0,0,0,0,0,11,15,15,15,15,11,0,11,15,15,11,0,11,15,15,15,15,15,15,15,15,11,0,11,15,15,15,7,7,15,15,15,15,15,15,11,0,11,15,15,11,0,11,15,15,15,7,7,15,7,7,7,7,15,15,7,15,15,15,7,15,15,15,7,15,15,7,7,7,7,15,7,7,15,15,15,15,15,15,15,15,15,15,15,15,15,15,15,15,15,15,15,15,15,15,11,0,0,0,0,0,11,15,15,15,15,15,15,11,0,11,15,11,0,0,0,0,0,11,15,11,0,0,0,0,0,0,0,0,0,0,0,0,0,0,0,0,11,15,15,11,0,11,15,7,11,0,0,0,0,0,0,0,0,0,0,0,0,0,0,0,0,0,0,0,0,0,0,0,0
0,0,0,0,0,0,0,0,0,0,0,0,0,0,0,0,0,0,0,0,0,1,15,15,15,15,15,11,0,11,15,15,11,0,11,15,15,15,15,15,15,15,15,11,0,11,15,15,15,15,15,15,15,15,15,15,15,11,0,11,15,15,11,0,11,15,15,3,0,0,11,15,15,15,15,15,15,15,15,15,15,15,15,15,15,15,15,15,15,15,15,15,11,0,0,3,15,15,15,15,15,15,15,15,15,15,15,15,15,15,15,15,15,15,15,15,15,11,0,0,3,3,0,11,15,15,15,15,15,15,11,0,11,15,11,0,3,7,7,7,15,15,15,7,7,7,7,7,7,7,7,7,7,7,7,7,7,3,0,11,15,15,11,0,11,15,15,15,1,0,0,0,0,0,0,0,0,0,0,0,0,0,0,0,0,0,0,0,0,0,0,0
0,0,0,0,0,0,0,0,0,0,0,0,0,0,0,0,0,0,0,0,0,0,11,15,15,15,15,11,0,11,15,15,11,0,11,15,15,15,15,15,15,15,15,11,0,11,15,15,15,15,15,15,15,15,15,15,15,11,0,11,15,15,11,0,11,15,11,0,0,0,11,15,15,15,15,15,15,15,15,15,15,15,15,15,15,15,15,15,15,15,15,15,11,0,0,0,11,15,15,15,15,15,15,15,15,15,15,15,15,15,15,15,15,15,15,15,15,3,0,3,15,11,0,11,15,15,15,15,15,15,11,0,11,15,11,0,11,15,15,15,15,15,15,15,15,15,15,15,15,15,15,15,15,15,15,15,15,11,0,11,15,15,11,0,11,15,15,11,0,0,0,0,0,0,0,0,0,0,0,0,0,0,0,0,0,0,0,0,0,0,0,0
0,0,0,0,0,0,0,0,0,0,0,0,0,0,0,0,0,0,0,0,0,3,15,15,15,15,15,11,0,11,15,15,11,0,11,15,15,15,15,15,15,15,15,11,0,3,7,7,7,7,7,7,7,7,7,15,15,11,0,11,15,15,11,0,11,15,11,0,0,0,11,15,15,15,15,15,15,15,15,15,15,15,7,15,15,15,15,15,15,15,15,15,11,0,0,0,11,15,15,15,15,15,7,7,7,7,7,7,7,7,7,7,7,7,7,7,3,0,0,11,15,11,0,11,15,15,15,15,15,15,11,0,11,15,11,0,11,15,15,15,15,7,7,15,15,15,15,15,15,15,15,15,7,7,15,15,15,11,0,11,15,15,15,7,15,15,15,11,0,0,0,0,0,0,0,0,0,0,0,0,0,0,0,0,0,0,0,0,0,0,0,0
0,0,0,0,0,0,0,0,0,0,0,0,0,0,0,0,0,0,0,0,0,3,15,15,15,15,15,11,0,11,15,15,11,0,11,15,15,15,15,15,15,15,15,11,0,0,0,0,0,0,0,0,0,0,0,11,15,15,7,15,15,15,11,0,11,15,11,0,0,0,11,15,15,15,15,15,15,15,15,15,15,11,0,11,15,15,15,15,15,15,15,15,11,0,0,0,11,15,15,15,15,11,0,0,0,0,0,0,0,0,0,0,0,0,0,0,0,0,0,11,15,11,0,11,15,15,15,15,15,15,11,0,11,15,11,0,11,15,15,15,11,0,0,11,15,15,15,15,15,15,15,11,0,0,11,15,15,11,0,11,15,15,15,7,15,15,15,3,0,0,0,0,0,0,0,0,0,0,0,0,0,0,0,0,0,0,0,0,0,0,0,0
0,0,0,0,0,0,0,0,0,0,0,0,0,0,0,0,0,0,0,0,0,0,11,15,15,15,15,15,7,15,15,15,11,0,11,15,15,15,15,15,15,15,15,15,7,7,7,7,7,7,7,7,7,7,7,15,15,15,15,15,15,15,11,0,11,15,15,3,0,3,15,15,15,15,15,15,15,15,15,15,15,15,7,15,15,15,15,15,15,15,15,15,15,3,0,3,15,15,15,15,15,11,0,0,3,7,7,3,0,3,7,3,0,3,7,7,7,7,7,15,15,11,0,11,15,15,15,15,15,15,11,0,11,15,11,0,11,15,15,15,11,0,0,11,15,15,15,15,15,15,15,11,0,0,11,15,15,11,0,11,15,15,11,0,11,15,11,0,0,0,0,0,0,0,0,0,0,0,0,0,0,0,0,0,0,0,0,0,0,0,0,0
0,0,0,0,0,0,0,0,0,0,0,0,0,0,0,0,0,0,0,0,0,3,15,15,15,15,15,15,7,15,15,15,11,0,11,15,15,15,15,15,15,15,15,15,15,15,15,15,15,15,15,15,15,15,15,15,15,15,15,15,15,15,11,0,11,15,15,3,0,3,15,15,15,15,15,15,7,15,15,15,15,15,15,15,15,15,15,15,7,15,15,15,15,3,0,3,15,15,15,15,15,11,0,3,15,15,15,11,0,11,15,11,0,11,15,15,15,15,15,15,15,3,0,11,15,15,15,15,15,15,11,0,11,15,11,0,11,15,15,15,11,0,0,11,15,15,15,15,15,15,15,11,0,0,11,15,15,11,0,11,15,15,15,5,15,15,11,0,0,0,0,0,0,0,0,0,0,0,0,0,0,0,0,0,0,0,0,0,0,0,0,0
0,0,0,0,0,0,0,0,0,0,0,0,0,0,0,0,0,0,0,0,0,11,15,15,15,15,15,11,0,11,15,15,11,0,3,7,7,7,7,7,7,7,7,7,7,7,15,15,15,15,7,7,7,7,7,15,15,15,7,15,15,15,11,0,11,15,11,0,0,0,11,15,15,15,15,11,0,11,15,15,15,15,15,15,15,15,15,11,0,11,15,15,11,0,0,0,11,15,15,15,15,11,0,11,15,15,15,11,0,11,15,11,0,11,15,15,15,15,7,7,3,0,0,11,15,15,15,15,15,15,11,0,11,15,11,0,11,15,15,15,11,0,0,11,15,15,15,15,15,15,15,11,0,0,11,15,15,11,0,11,15,15,11,0,11,15,15,7,3,0,0,0,0,0,0,0,0,0,0,0,0,0,0,0,0,0,0,0,0,0,0,0
0,0,0,0,0,0,0,0,0,0,0,0,0,0,0,0,0,0,0,0,0,11,15,15,15,15,15,11,0,11,15,15,11,0,0,0,0,0,0,0,0,0,0,0,0,0,11,15,15,11,0,0,0,0,0,11,15,11,0,11,15,15,11,0,11,15,15,3,0,3,15,15,15,15,15,11,0,11,15,15,15,15,15,15,15,15,15,11,0,11,15,15,15,3,0,3,15,15,15,15,15,11,0,11,15,15,15,11,0,11,15,11,0,11,15,15,15,11,0,0,0,0,0,11,15,15,15,15,15,15,11,0,11,15,11,0,11,15,15,15,11,0,0,11,15,15,15,15,15,15,15,11,0,0,11,15,15,11,0,11,15,15,11,0,11,15,15,15,11,0,0,0,0,0,0,0,0,0,0,0,0,0,0,0,0,0,0,0,0,0,0,0
0,0,0,0,0,0,0,0,0,0,0,0,0,0,0,0,0,0,0,0,0,3,15,15,15,15,15,11,0,11,15,15,15,3,0,3,7,7,7,3,0,3,7,7,7,7,15,15,15,15,7,7,7,7,7,15,15,11,0,11,15,15,11,0,11,15,15,11,0,11,15,15,15,15,15,11,0,11,15,15,15,15,15,15,15,15,15,11,0,11,15,15,15,11,0,11,15,15,15,15,15,11,0,11,15,15,15,11,0,11,15,11,0,11,15,15,15,11,0,0,3,7,7,15,15,15,15,15,15,15,11,0,11,15,11,0,11,15,15,15,11,0,0,11,15,15,15,15,15,15,15,11,0,0,11,15,15,11,0,11,15,15,11,0,11,15,15,15,3,0,0,0,0,0,0,0,0,0,0,0,0,0,0,0,0,0,0,0,0,0,0,0
0,0,0,0,0,0,0,0,0,0,0,0,0,0,0,0,0,0,0,0,0,0,11,15,15,15,15,11,0,11,15,15,15,15,7,15,15,15,15,11,0,11,15,15,15,15,15,15,15,15,15,15,15,15,15,15,15,11,0,11,15,15,11,0,11,15,15,3,0,3,15,15,15,15,15,11,0,11,15,15,15,15,15,15,15,15,15,11,0,11,15,15,15,3,0,3,15,15,15,15,15,11,0,11,15,15,15,11,0,11,15,11,0,11,15,15,15,11,0,3,15,15,15,15,15,15,15,15,15,15,11,0,11,15,11,0,11,15,15,15,11,0,0,11,15,15,15,15,15,15,15,11,0,0,11,15,15,11,0,11,15,15,11,0,11,15,15,11,0,0,0,0,0,0,0,0,0,0,0,0,0,0,0,0,0,0,0,0,0,0,0,0
0,0,0,0,0,0,0,0,0,0,0,0,0,0,0,0,0,0,0,0,0,1,15,15,15,15,15,11,0,11,15,15,15,15,15,15,15,7,7,3,0,11,15,15,15,15,15,15,15,15,15,15,15,15,15,15,15,11,0,11,15,15,11,0,11,15,11,0,0,0,11,15,15,15,15,11,0,11,15,15,15,15,15,15,15,15,15,11,0,11,15,15,11,0,0,0,11,15,15,15,15,11,0,11,15,15,15,11,0,11,15,11,0,11,15,15,15,11,0,11,15,15,15,15,15,15,15,15,15,15,11,0,11,15,15,7,15,15,15,15,11,0,0,11,15,15,15,15,15,15,15,11,0,0,11,15,15,15,7,15,15,15,11,0,11,15,15,11,0,0,0,0,0,0,0,0,0,0,0,0,0,0,0,0,0,0,0,0,0,0,0,0
0,0,0,0,0,0,0,0,0,0,0,0,0,0,0,0,0,0,0,0,0,0,11,15,15,15,15,11,0,11,15,15,15,15,15,15,11,0,0,0,0,11,15,15,15,15,15,15,7,7,7,7,7,7,7,7,7,3,0,3,15,15,11,0,11,15,15,3,0,3,15,15,15,15,15,11,0,11,15,15,15,15,15,15,15,15,15,11,0,11,15,15,15,3,0,3,15,15,15,15,15,11,0,11,15,15,15,11,0,11,15,11,0,11,15,15,15,11,0,11,15,15,15,15,15,15,15,15,15,15,11,0,11,15,15,15,15,15,15,15,11,0,0,11,15,15,15,15,15,15,15,11,0,0,11,15,15,15,15,15,15,15,11,0,11,15,15,15,3,0,0,0,0,0,0,0,0,0,0,0,0,0,0,0,0,0,0,0,0,0,0,0
0,0,0,0,0,0,0,0,0,0,0,0,0,0,0,0,0,0,0,0,0,3,15,15,15,15,15,11,0,11,15,15,15,15,15,15,11,0,0,0,0,11,15,15,15,15,15,11,0,0,0,0,0,0,0,0,0,0,0,0,11,15,11,0,11,15,15,11,0,11,15,15,15,15,15,11,0,11,15,15,15,15,15,15,15,15,15,11,0,11,15,15,15,11,0,11,15,15,15,15,15,11,0,11,15,15,15,15,7,15,15,15,7,15,15,15,15,11,0,11,15,15,15,15,15,15,15,15,15,15,11,0,11,15,15,7,15,15,15,15,11,0,3,15,15,15,15,15,15,15,15,11,0,3,15,15,15,15,7,15,15,15,11,0,11,15,15,15,3,0,0,0,0,0,0,0,0,0,0,0,0,0,0,0,0,0,0,0,0,0,0,0
0,0,0,0,0,0,0,0,0,0,0,0,0,0,0,0,0,0,0,0,0,3,15,15,15,15,15,11,0,11,15,15,15,7,15,15,11,0,0,0,0,11,15,15,15,15,15,15,7,7,7,7,7,7,7,7,7,3,0,3,15,15,11,0,11,15,15,3,0,3,15,15,15,15,15,11,0,11,15,15,15,15,15,15,15,15,15,11,0,11,15,15,15,3,0,3,15,15,15,15,15,11,0,11,15,15,15,15,15,15,15,15,15,15,15,15,15,11,0,11,15,15,15,15,15,15,15,15,15,15,11,0,11,15,11,0,11,15,15,15,15,7,15,15,15,15,15,15,15,15,15,15,7,15,15,15,15,11,0,11,15,15,11,0,11,15,15,11,0,0,0,0,0,0,0,0,0,0,0,0,0,0,0,0,0,0,0,0,0,0,0,0
0,0,0,0,0,0,0,0,0,0,0,0,0,0,0,0,0,0,0,0,0,0,11,15,15,15,15,11,0,11,15,15,11,0,11,15,15,7,7,3,0,11,15,15,15,15,15,15,15,15,15,15,15,15,15,15,15,11,0,11,15,15,11,0,11,15,11,0,0,0,11,15,15,15,15,11,0,11,15,15,15,15,15,15,15,15,15,11,0,11,15,15,11,0,0,0,11,15,15,15,15,11,0,11,15,15,15,15,15,15,15,15,15,15,15,15,15,11,0,11,15,15,15,15,15,15,15,15,15,15,11,0,11,15,11,0,11,15,15,15,15,15,15,15,15,15,15,15,15,15,15,15,15,15,15,15,15,11,0,11,15,15,11,0,11,15,15,15,3,0,0,0,0,0,0,0,0,0,0,0,0,0,0,0,0,0,0,0,0,0,0,0
0,0,0,0,0,0,0,0,0,0,0,0,0,0,0,0,0,0,0,0,0,3,15,15,15,15,15,11,0,11,15,15,15,7,15,15,15,15,15,11,0,11,15,15,15,15,15,15,15,15,15,15,15,15,15,15,15,11,0,11,15,15,11,0,11,15,15,3,0,3,15,15,15,15,15,11,0,11,15,15,15,7,7,7,15,15,15,11,0,11,15,15,15,3,0,3,15,15,15,15,15,11,0,11,15,15,15,15,15,15,15,15,15,15,15,15,15,11,0,11,15,15,15,15,15,15,15,15,15,15,11,0,11,15,11,0,11,15,15,15,15,15,15,15,15,15,15,15,15,15,15,15,15,15,15,15,15,11,0,11,15,15,11,0,11,15,15,15,3,0,0,0,0,0,0,0,0,0,0,0,0,0,0,0,0,0,0,0,0,0,0,0
0,0,0,0,0,0,0,0,0,0,0,0,0,0,0,0,0,0,0,0,0,11,15,15,15,15,15,11,0,11,15,15,15,15,15,15,15,15,15,11,0,11,15,15,15,15,15,15,15,15,15,15,15,15,15,15,15,11,0,11,15,15,11,0,11,15,15,3,0,3,15,15,15,15,15,15,7,15,15,15,11,0,0,0,11,15,15,15,7,15,15,15,15,3,0,3,15,15,15,15,15,11,0,11,15,15,15,15,15,15,15,15,15,15,15,15,15,11,0,11,15,15,15,15,15,15,15,15,15,15,11,0,11,15,11,0,11,15,15,15,15,15,15,15,15,15,15,15,15,15,15,15,15,15,15,15,15,11,0,11,15,15,11,0,11,15,15,11,0,0,0,0,0,0,0,0,0,0,0,0,0,0,0,0,0,0,0,0,0,0,0,0
0,0,0,0,0,0,0,0,0,0,0,0,0,0,0,0,0,0,0,0,0,11,15,15,15,15,15,11,0,11,7,7,7,7,7,7,7,7,7,3,0,11,15,15,15,15,7,7,7,7,7,7,7,7,7,15,15,11,0,11,15,15,15,7,15,15,11,0,0,0,11,15,15,15,15,15,15,15,15,15,11,0,0,0,11,15,15,15,15,15,15,15,11,0,0,0,11,15,15,15,15,11,0,3,15,15,15,15,15,15,15,15,15,15,15,15,15,3,0,11,15,15,15,15,15,15,15,15,15,15,15,7,15,15,11,0,11,15,15,15,15,7,15,15,15,15,15,15,15,15,15,15,15,15,7,15,15,11,0,11,15,15,15,5,15,15,15,15,3,0,0,0,0,0,0,0,0,0,0,0,0,0,0,0,0,0,0,0,0,0,0,0
0,0,0,0,0,0,0,0,0,0,0,0,0,0,0,0,0,0,0,0,0,3,15,15,15,15,15,11,0,10,0,0,0,0,0,0,0,0,0,0,0,11,15,15,15,11,0,0,0,0,0,0,0,0,0,11,15,11,0,11,15,15,15,15,15,15,11,0,0,0,11,15,15,15,15,15,15,15,15,15,15,7,7,7,15,15,15,15,15,15,15,15,11,0,0,0,11,15,15,15,15,11,0,0,3,7,7,15,15,15,7,7,7,7,7,7,3,0,0,11,15,15,15,15,15,15,15,15,15,15,15,15,15,15,11,0,11,15,15,15,11,0,11,15,15,15,7,7,15,15,15,15,15,11,0,11,15,11,0,11,15,15,11,0,11,15,15,15,3,0,0,0,0,0,0,0,0,0,0,0,0,0,0,0,0,0,0,0,0,0,0,0
0,0,0,0,0,0,0,0,0,0,0,0,0,0,0,0,0,0,0,0,0,0,11,15,15,15,15,11,0,11,7,7,7,7,7,7,7,7,7,3,0,11,15,15,15,15,7,7,7,7,7,7,7,7,7,15,15,11,0,11,15,15,15,7,15,15,11,0,0,0,11,15,15,15,15,15,15,15,15,15,15,15,15,15,15,15,15,15,15,15,15,15,11,0,0,0,11,15,15,15,15,3,0,0,0,0,0,11,15,11,0,0,0,0,0,0,0,0,0,11,15,15,15,15,15,15,15,15,15,15,15,7,15,15,11,0,11,7,15,15,15,7,15,15,15,11,0,0,11,15,15,15,15,15,7,15,15,11,0,11,15,15,15,7,15,15,15,11,0,0,0,0,0,0,0,0,0,0,0,0,0,0,0,0,0,0,0,0,0,0,0,0
0,0,0,0,0,0,0,0,0,0,0,0,0,0,0,0,0,0,0,0,0,1,15,15,15,15,15,11,0,11,15,15,15,15,15,15,15,15,15,11,0,11,15,15,15,15,15,15,15,15,15,15,15,15,15,15,15,11,0,11,15,15,11,0,11,15,15,3,0,0,11,15,15,15,15,15,15,15,15,15,15,15,15,15,15,15,15,15,15,15,15,15,11,0,0,3,15,15,15,15,11,0,0,3,5,3,0,11,15,11,0,0,3,7,7,7,7,7,7,15,15,15,15,15,15,15,15,15,15,15,11,0,11,15,11,0,2,0,3,15,15,15,15,15,15,11,0,0,11,15,15,15,15,15,15,15,15,11,0,11,15,15,15,7,15,15,15,3,0,0,0,0,0,0,0,0,0,0,0,0,0,0,0,0,0,0,0,0,0,0,0,0
0,0,0,0,0,0,0,0,0,0,0,0,0,0,0,0,0,0,0,0,0,0,11,15,15,15,15,15,7,15,15,15,15,15,15,15,15,15,15,11,0,11,15,15,15,15,15,15,15,15,15,15,15,15,15,15,15,11,0,11,15,15,11,0,11,15,15,15,7,7,15,7,7,7,7,15,15,7,15,15,15,7,15,15,15,7,15,15,7,7,7,7,15,7,7,15,15,15,3,3,15,7,7,11,0,10,0,11,15,11,0,3,15,15,15,15,15,15,15,15,15,15,15,15,15,15,15,15,15,15,11,0,11,15,11,0,0,0,0,11,15,15,15,15,15,11,0,0,11,15,15,15,15,15,15,15,15,11,0,11,15,15,11,0,11,15,11,0,0,0,0,0,0,0,0,0,0,0,0,0,0,0,0,0,0,0,0,0,0,0,0,0
0,0,0,0,0,0,0,0,0,0,0,0,0,0,0,0,0,0,0,0,0,3,15,15,15,15,15,15,15,15,15,15,15,15,15,15,15,15,15,11,0,11,15,15,15,15,15,15,15,15,15,15,15,15,15,15,15,15,7,15,15,15,11,0,11,15,15,15,15,15,11,0,0,0,0,3,3,0,3,7,3,0,3,7,3,0,3,3,0,0,0,0,11,15,15,15,15,15,3,3,15,15,15,15,7,11,0,11,15,11,0,11,15,15,15,15,7,7,7,15,15,15,7,7,7,15,15,15,15,15,11,0,11,15,11,0,0,0,1,7,7,7,7,7,7,3,0,0,3,7,7,7,7,7,7,7,7,3,0,11,15,15,11,0,11,15,11,0,0,0,0,0,0,0,0,0,0,0,0,0,0,0,0,0,0,0,0,0,0,0,0,0
0,0,0,0,0,0,0,0,0,0,0,0,0,0,0,0,0,0,0,0,0,3,15,15,15,15,15,15,7,15,15,15,15,15,15,15,15,15,15,11,0,11,15,15,15,15,15,15,15,15,15,15,15,15,15,15,15,15,15,15,15,15,11,0,11,15,15,15,15,15,11,0,0,0,0,0,0,0,0,0,0,0,0,0,0,0,0,0,0,0,0,0,11,15,15,15,15,15,15,15,15,15,15,15,15,11,0,11,15,11,0,3,15,15,15,11,0,2,0,11,15,11,0,0,0,11,15,15,15,15,11,0,11,15,11,0,0,0,0,0,0,0,0,0,0,0,0,0,0,0,0,0,0,0,0,0,0,0,3,15,15,15,11,0,11,15,15,7,3,0,0,0,0,0,0,0,0,0,0,0,0,0,0,0,0,0,0,0,0,0,0,0
0,0,0,0,0,0,0,0,0,0,0,0,0,0,0,0,0,0,0,0,0,0,11,15,15,15,15,11,0,11,15,15,15,15,15,15,15,15,15,15,7,15,15,15,15,15,15,15,15,15,15,15,15,15,15,15,15,15,15,15,15,15,11,0,11,15,15,15,15,15,15,3,0,0,0,3,3,0,3,7,3,0,3,7,3,0,3,3,0,0,0,3,15,15,15,15,15,15,15,15,15,15,15,15,15,3,0,11,15,11,0,0,11,15,15,11,0,11,7,15,15,15,7,3,0,11,15,15,15,15,11,0,11,15,15,7,7,7,7,7,7,7,7,7,7,7,7,7,7,7,7,7,7,7,7,7,7,7,15,15,15,15,11,0,11,15,15,7,3,0,0,0,0,0,0,0,0,0,0,0,0,0,0,0,0,0,0,0,0,0,0,0
0,0,0,0,0,0,0,0,0,0,0,0,0,0,0,0,0,0,0,0,0,3,15,15,15,15,15,11,0,3,7,7,7,7,7,7,7,7,7,7,7,7,7,15,15,15,7,7,7,7,7,7,7,7,7,7,7,7,7,7,7,7,3,0,11,15,15,15,15,15,15,15,7,7,7,15,15,7,15,15,15,7,15,15,15,7,15,15,7,7,7,15,15,15,15,15,15,15,15,15,15,15,15,15,11,0,0,11,15,11,0,0,11,15,15,11,0,11,15,15,15,15,15,11,0,11,15,15,15,15,11,0,11,15,15,15,15,15,15,15,15,15,15,15,15,15,15,15,15,15,15,15,15,15,15,15,15,15,15,15,15,15,11,0,11,15,11,0,0,0,0,0,0,0,0,0,0,0,0,0,0,0,0,0,0,0,0,0,0,0,0,0
0,0,0,0,0,0,0,0,0,0,0,0,0,0,0,0,0,0,0,0,0,11,15,15,15,15,15,11,0,0,0,0,0,0,0,0,0,0,0,0,0,0,0,11,15,11,0,0,0,0,0,0,0,0,0,0,0,0,0,0,0,0,0,0,11,15,15,15,15,15,15,15,15,15,15,15,15,15,15,15,15,15,15,15,15,15,15,15,15,15,15,15,15,15,15,15,15,15,15,15,15,15,15,15,15,7,7,15,15,15,7,7,15,15,15,15,7,15,15,15,15,15,15,15,7,15,15,15,15,15,11,0,3,7,7,7,7,7,7,7,7,7,7,7,15,15,7,7,15,15,15,7,7,7,7,7,7,7,7,7,7,7,3,0,11,15,11,0,0,0,0,0,0,0,0,0,0,0,0,0,0,0,0,0,0,0,0,0,0,0,0,0
0,0,0,0,0,0,0,0,0,0,0,0,0,0,0,0,0,0,0,0,0,11,15,15,15,15,15,15,7,7,7,7,7,7,7,7,7,7,7,7,7,7,7,15,15,15,7,7,7,7,7,7,7,7,7,7,7,7,7,7,7,7,7,7,15,15,15,15,15,15,15,15,15,15,15,15,15,15,15,15,15,15,15,15,15,15,15,15,15,15,15,15,15,15,15,15,15,15,15,15,15,15,15,7,15,15,15,15,15,15,15,15,15,15,15,15,15,15,15,15,15,15,15,15,15,7,15,15,15,15,11,0,0,0,0,0,0,0,0,0,0,0,0,0,11,11,0,0,11,15,11,0,0,0,0,0,0,0,0,0,0,0,0,3,15,15,11,0,0,0,0,0,0,0,0,0,0,0,0,0,0,0,0,0,0,0,0,0,0,0,0,0
0,0,0,0,0,0,0,0,0,0,0,0,0,0,0,0,0,0,0,0,0,3,7,15,15,15,15,15,15,15,15,15,15,15,15,15,15,15,15,15,15,15,15,15,15,15,15,15,15,15,15,15,15,15,15,15,15,15,15,15,15,15,15,15,15,15,15,15,15,15,15,15,15,15,15,15,15,15,15,15,15,15,15,15,15,15,15,15,15,15,15,15,15,15,15,15,15,15,15,7,15,15,11,0,11,15,15,15,15,15,15,15,15,15,15,15,7,15,15,15,15,15,15,15,11,0,11,15,15,15,15,7,7,7,7,7,7,7,7,7,7,7,7,7,15,15,7,7,15,15,15,7,7,7,7,7,7,7,7,7,7,7,7,15,15,15,11,0,0,0,0,0,0,0,0,0,0,0,0,0,0,0,0,0,0,0,0,0,0,0,0,0
0,0,0,0,0,0,0,0,0,0,0,0,0,0,0,0,0,0,0,0,0,0,0,11,15,15,15,15,15,15,15,15,15,7,15,15,15,15,7,7,15,15,7,7,15,15,15,15,15,15,15,15,15,15,15,15,15,15,15,15,15,15,15,15,15,15,15,15,15,15,15,15,15,15,15,15,15,15,15,15,15,15,15,15,15,15,15,15,15,15,15,15,15,15,15,15,15,15,11,0,11,15,15,7,15,15,15,15,15,15,15,15,15,15,15,11,0,11,15,15,15,15,15,15,3,0,11,15,15,15,15,15,15,15,15,15,15,15,15,15,15,15,15,15,15,15,15,15,15,15,15,15,15,15,15,15,15,15,15,15,15,15,15,15,15,15,15,7,3,0,0,0,0,0,0,0,0,0,0,0,0,0,0,0,0,0,0,0,0,0,0,0
0,0,0,0,0,0,0,0,0,0,0,0,0,0,0,0,0,0,0,0,0,0,3,15,15,15,15,15,15,15,15,15,11,0,11,15,15,11,0,0,11,11,0,0,11,15,15,15,15,15,15,15,15,15,15,15,15,15,15,15,15,15,15,15,15,15,15,15,15,7,7,7,7,7,7,7,7,7,7,7,7,7,7,7,7,7,7,7,7,7,7,7,7,15,15,15,15,15,7,7,15,15,15,15,15,15,15,15,15,15,15,15,15,15,15,11,0,3,7,15,15,15,7,3,0,3,15,15,15,15,15,15,15,15,15,15,15,15,15,15,15,15,15,15,15,15,15,15,15,15,15,15,15,15,15,15,15,15,15,15,15,15,15,15,15,15,15,15,3,0,0,0,0,0,0,0,0,0,0,0,0,0,0,0,0,0,0,0,0,0,0,0
0,0,0,0,0,0,0,0,0,0,0,0,0,0,0,0,0,0,0,0,3,7,15,15,15,15,15,15,15,15,15,15,11,0,11,15,15,11,0,0,11,11,0,0,11,15,15,7,7,7,7,7,7,7,7,7,7,7,7,15,15,15,15,15,15,15,15,15,11,0,0,0,0,0,0,0,0,0,0,0,0,0,0,0,0,0,0,0,0,0,0,0,0,11,15,15,15,11,0,11,15,15,15,15,15,15,15,15,15,15,15,15,15,15,15,11,0,0,0,11,15,11,0,0,3,15,15,15,15,15,15,15,15,15,15,15,15,15,15,15,15,7,7,7,7,7,7,15,15,7,7,7,7,7,7,7,15,15,7,7,7,7,15,15,15,15,15,11,0,0,0,0,0,0,0,0,0,0,0,0,0,0,0,0,0,0,0,0,0,0,0,0
0,0,0,0,0,0,0,0,0,0,0,0,0,0,0,0,0,0,0,0,3,15,15,15,15,15,15,15,15,15,15,15,11,0,11,15,15,11,16,16,11,11,16,16,11,15,11,0,0,0,0,0,0,0,0,0,0,0,0,11,15,15,15,15,15,15,15,15,11,0,3,7,3,0,3,7,7,7,7,7,7,7,7,7,7,7,7,7,3,0,3,3,0,11,15,15,15,15,7,15,15,15,15,15,15,15,15,15,15,15,15,15,15,15,15,15,7,7,7,15,15,15,7,7,15,15,15,15,15,15,15,15,15,15,15,15,15,15,15,15,11,0,0,0,0,0,0,11,11,0,0,0,0,0,0,0,11,11,0,0,0,0,11,15,15,15,15,15,3,0,0,0,0,0,0,0,0,0,0,0,0,0,0,0,0,0,0,0,0,0,0,0
0,0,0,0,0,0,0,0,0,0,0,0,0,0,0,0,0,0,0,0,0,11,15,15,15,15,15,15,15,15,15,15,11,0,11,15,15,11,16,16,11,11,16,16,11,15,11,0,3,7,7,7,7,7,7,7,7,3,0,11,15,15,15,15,15,15,15,15,11,0,11,15,15,7,15,15,15,15,15,15,15,15,15,15,15,15,15,15,15,7,15,11,0,11,15,15,15,15,15,15,15,15,15,15,15,15,15,15,15,15,15,15,15,15,15,15,15,15,15,15,15,15,15,15,15,15,15,15,15,15,15,15,15,15,15,15,15,15,15,15,15,7,7,7,7,7,7,15,15,7,7,7,7,7,7,7,15,15,7,7,3,0,11,15,15,15,15,15,3,0,0,0,0,0,0,0,0,0,0,0,0,0,0,0,0,0,0,0,0,0,0,0
0,0,0,0,0,0,0,0,0,0,0,0,0,0,0,0,0,0,0,0,0,11,15,15,15,15,15,15,15,15,15,15,11,0,11,15,15,15,23,23,15,15,23,23,15,15,11,0,11,15,15,15,15,7,15,15,15,11,0,11,15,15,15,15,15,15,15,15,11,0,11,15,15,15,15,15,15,15,15,15,15,15,15,15,15,15,15,15,15,15,15,11,0,11,15,15,15,7,7,7,7,7,7,7,7,7,7,15,15,15,15,15,15,15,15,15,15,15,15,15,15,15,15,15,15,15,15,15,15,15,15,15,15,15,15,15,15,15,15,15,15,15,15,7,15,15,15,15,15,15,15,15,15,15,15,15,15,15,15,7,11,0,11,15,15,15,15,11,0,0,0,0,0,0,0,0,0,0,0,0,0,0,0,0,0,0,0,0,0,0,0,0
0,0,0,0,0,0,0,0,0,0,0,0,0,0,0,0,0,0,0,0,3,15,15,15,15,15,15,15,15,15,15,15,11,0,11,15,15,15,15,15,15,15,15,15,15,15,11,0,11,15,15,15,11,0,11,15,15,15,7,15,15,15,15,15,15,15,15,15,11,0,11,15,15,15,15,15,15,15,15,15,15,15,15,15,15,15,15,15,15,15,15,11,0,11,15,15,11,0,0,0,0,0,0,0,0,0,0,11,15,15,15,15,15,15,15,15,15,15,15,15,15,7,7,7,7,7,7,7,7,7,7,7,7,7,7,7,7,15,15,15,15,15,11,0,11,15,15,15,15,15,15,15,15,15,15,15,15,15,11,0,10,0,11,15,15,15,15,15,3,0,0,0,0,0,0,0,0,0,0,0,0,0,0,0,0,0,0,0,0,0,0,0
0,0,0,0,0,0,0,0,0,0,0,0,0,0,0,0,0,0,0,0,3,7,15,15,15,15,15,15,15,15,15,15,11,0,11,15,15,15,15,15,15,15,15,15,15,15,11,0,11,15,15,15,7,5,15,7,15,15,7,15,15,15,15,15,15,15,15,15,11,0,11,15,15,15,15,15,7,7,7,7,7,7,7,7,7,7,15,15,15,15,15,11,0,11,15,15,15,7,7,7,7,7,7,7,7,3,0,11,15,15,15,15,15,15,15,15,15,15,15,15,11,0,0,0,0,0,0,0,0,0,0,0,0,0,0,0,0,11,15,15,15,15,15,7,15,15,15,15,15,15,15,15,15,15,15,15,15,15,15,7,11,0,11,15,15,15,15,7,3,0,0,0,0,0,0,0,0,0,0,0,0,0,0,0,0,0,0,0,0,0,0,0
0,0,0,0,0,0,0,0,0,0,0,0,0,0,0,0,0,0,0,0,0,0,11,15,15,15,15,15,15,15,15,15,11,0,11,15,15,15,15,15,15,15,15,15,15,15,11,0,11,15,7,11,0,0,10,0,11,11,0,11,15,15,15,15,15,15,15,15,11,0,11,15,15,15,15,11,0,0,0,0,0,0,0,0,0,0,11,15,15,15,15,11,0,11,15,15,15,15,15,15,15,15,15,15,15,11,0,11,15,15,15,15,15,15,15,15,15,15,15,15,15,7,7,7,7,7,7,7,7,7,7,7,7,7,7,7,7,15,15,15,15,15,15,15,15,15,7,7,7,7,7,7,7,7,7,7,7,15,15,15,11,0,11,15,15,15,11,0,0,0,0,0,0,0,0,0,0,0,0,0,0,0,0,0,0,0,0,0,0,0,0,0
0,0,0,0,0,0,0,0,0,0,0,0,0,0,0,0,0,0,0,0,0,0,11,15,15,15,15,15,15,15,15,15,11,0,11,15,15,15,15,15,15,15,15,15,15,15,11,0,11,11,0,10,0,0,11,7,15,11,0,11,15,15,15,15,15,15,15,15,11,0,11,15,15,15,15,15,7,7,7,7,7,7,7,7,7,7,15,15,15,15,15,11,0,11,15,15,15,15,15,7,7,7,7,15,15,11,0,11,15,15,15,15,15,15,15,15,15,15,15,15,15,15,15,15,15,15,15,15,15,15,15,15,15,15,15,15,15,15,15,15,15,15,15,15,15,11,16,16,16,16,16,16,16,16,16,16,16,11,15,15,11,0,11,15,15,15,11,0,0,0,0,0,0,0,0,0,0,0,0,0,0,0,0,0,0,0,0,0,0,0,0,0
0,0,0,0,0,0,0,0,0,0,0,0,0,0,0,0,0,0,0,0,3,7,15,15,15,15,15,15,15,15,15,15,11,0,3,7,7,7,7,7,7,7,7,15,15,15,3,0,11,15,7,15,5,7,15,15,15,11,0,11,15,15,15,15,15,15,15,15,11,0,11,15,15,15,15,15,15,15,15,15,15,15,15,15,15,15,15,15,15,15,15,11,0,11,15,15,15,15,11,0,0,0,0,11,15,11,0,3,7,7,7,7,15,15,15,15,15,15,15,15,15,15,15,15,15,15,15,15,15,15,15,15,15,15,15,15,15,15,15,15,15,15,15,15,15,11,16,16,16,16,16,16,16,16,16,16,16,11,15,15,15,7,15,15,15,15,15,7,1,0,0,0,0,0,0,0,0,0,0,0,0,0,0,0,0,0,0,0,0,0,0,0
0,0,0,0,0,0,0,0,0,0,0,0,0,0,0,0,0,0,0,0,11,15,15,15,15,15,15,15,15,15,15,15,11,0,0,0,0,0,0,0,0,0,0,11,15,11,0,0,11,15,15,11,0,11,15,15,15,11,0,11,15,15,15,15,15,15,15,15,11,0,11,15,15,15,15,15,15,15,15,15,15,15,15,15,15,15,15,15,15,15,15,15,7,15,15,15,15,15,11,0,0,0,0,11,15,11,0,0,0,0,0,0,11,15,15,15,15,15,15,7,15,15,15,7,15,15,15,7,15,15,15,7,15,15,15,7,15,15,15,15,15,15,15,15,15,11,16,16,16,16,16,16,16,16,16,16,16,11,15,15,15,7,15,15,15,15,15,11,0,0,0,0,0,0,0,0,0,0,0,0,0,0,0,0,0,0,0,0,0,0,0,0
0,0,0,0,0,0,0,0,0,0,0,0,0,0,0,0,0,0,0,0,11,15,15,15,15,15,15,15,15,15,15,15,15,7,7,7,7,7,7,7,7,7,7,15,15,15,7,7,15,15,15,15,7,15,15,15,15,11,0,11,15,15,7,7,7,7,7,7,3,0,11,15,15,15,15,15,15,15,15,15,15,15,15,15,15,15,15,15,15,15,15,15,7,15,15,15,15,15,15,7,7,7,7,15,15,15,7,7,7,7,3,0,11,15,15,15,15,15,11,0,11,15,11,0,11,15,11,0,11,15,11,0,11,15,11,0,11,15,15,15,15,15,15,15,15,11,16,16,16,16,16,16,16,16,16,16,16,11,15,15,11,0,11,15,15,15,15,11,0,0,0,0,0,0,0,0,0,0,0,0,0,0,0,0,0,0,0,0,0,0,0,0
0,0,0,0,0,0,0,0,0,0,0,0,0,0,0,0,0,0,0,0,11,15,15,15,15,7,7,7,7,7,7,7,15,15,15,15,15,15,15,15,15,15,15,15,15,15,15,15,15,15,7,7,7,7,7,7,7,3,0,11,15,11,0,0,0,0,0,0,0,0,11,15,15,15,7,15,15,15,15,15,15,15,15,15,15,15,15,15,15,15,15,11,0,11,15,15,15,15,15,15,15,15,15,15,15,15,15,15,15,15,11,0,11,15,15,15,15,15,15,7,15,15,15,7,15,15,15,7,15,15,15,7,15,15,15,7,15,15,15,15,15,15,15,15,15,11,16,16,16,16,16,16,16,16,16,16,16,11,15,15,11,0,11,15,15,15,15,7,1,0,0,0,0,0,0,0,0,0,0,0,0,0,0,0,0,0,0,0,0,0,0,0
0,0,0,0,0,0,0,0,0,0,0,0,0,0,0,0,0,0,0,0,3,15,15,15,11,16,16,16,16,16,16,16,11,15,15,15,15,15,15,15,15,15,15,15,15,15,15,15,15,11,0,0,0,0,0,0,0,0,0,11,15,15,7,7,7,7,7,7,7,7,15,15,15,11,0,11,15,15,15,15,15,15,15,15,15,15,15,15,15,15,15,11,0,11,15,15,15,15,15,15,15,15,15,15,15,15,15,15,15,15,11,0,11,15,15,15,15,15,15,15,15,15,15,15,15,15,15,15,15,15,15,15,15,15,15,15,15,15,15,15,15,15,15,15,15,11,16,16,16,16,16,16,16,16,16,16,16,11,15,15,11,0,11,15,15,15,11,0,0,0,0,0,0,0,0,0,0,0,0,0,0,0,0,0,0,0,0,0,0,0,0,0
0,0,0,0,0,0,0,0,0,0,0,0,0,0,0,0,0,0,0,0,0,11,15,15,15,21,21,21,21,23,23,21,15,15,15,15,15,15,15,15,15,15,15,15,15,15,15,15,15,11,0,3,7,7,7,7,7,7,7,15,15,15,15,15,15,15,15,15,15,15,15,15,15,11,0,11,15,15,15,15,15,7,7,7,7,7,7,7,7,15,15,11,0,11,15,15,15,15,15,7,15,15,15,15,15,15,15,15,15,15,11,0,11,15,15,15,15,15,15,15,15,15,15,15,15,15,15,15,15,15,15,15,15,15,15,15,15,15,15,15,15,15,15,15,15,11,16,16,16,16,16,16,16,16,16,16,16,11,15,15,11,0,11,15,15,15,11,0,0,0,0,0,0,0,0,0,0,0,0,0,0,0,0,0,0,0,0,0,0,0,0,0
0,0,0,0,0,0,0,0,0,0,0,0,0,0,0,0,0,0,0,0,0,11,15,15,11,16,16,16,0,11,11,16,11,15,15,15,15,15,15,15,15,15,15,15,15,15,15,15,15,11,0,11,15,15,15,15,15,15,15,15,15,15,15,15,15,15,15,15,15,15,15,15,15,11,0,11,15,15,15,15,11,0,0,0,0,0,0,0,0,11,15,11,0,11,15,15,15,15,11,0,11,15,15,15,15,15,15,15,15,15,11,0,11,15,15,15,15,15,15,15,15,15,15,15,15,15,15,15,15,15,15,15,15,15,15,15,15,15,15,15,15,15,15,15,15,11,16,16,16,16,16,16,16,16,16,16,16,11,15,15,11,0,11,15,15,15,15,3,0,0,0,0,0,0,0,0,0,0,0,0,0,0,0,0,0,0,0,0,0,0,0,0
0,0,0,0,0,0,0,0,0,0,0,0,0,0,0,0,0,0,0,0,0,11,15,7,11,16,16,16,0,11,11,16,11,15,15,15,15,7,7,15,15,15,7,7,15,15,15,15,15,11,0,11,15,15,15,15,15,15,15,15,15,15,15,15,15,15,15,15,15,15,15,15,15,11,0,11,15,15,15,15,11,0,3,7,7,7,7,7,7,15,15,11,0,11,15,15,15,15,11,0,11,15,15,15,15,15,15,15,15,15,11,0,11,15,15,15,15,15,7,15,15,15,7,15,15,15,7,15,15,15,7,15,15,15,7,15,15,15,15,15,15,15,15,15,15,11,16,16,16,16,16,16,16,16,16,16,16,11,15,15,11,0,11,15,15,15,7,3,0,0,0,0,0,0,0,0,0,0,0,0,0,0,0,0,0,0,0,0,0,0,0,0
0,0,0,0,0,0,0,0,0,0,0,0,0,0,0,0,0,0,0,0,0,3,3,0,11,21,21,21,5,15,11,16,11,15,15,15,11,0,0,11,15,11,0,0,11,15,15,15,15,11,0,11,15,15,15,7,7,7,15,15,15,15,7,7,7,7,7,7,7,7,15,15,15,11,0,11,15,15,15,15,11,0,11,15,15,15,15,15,15,15,15,11,0,11,15,15,15,15,11,0,11,15,15,15,15,15,15,15,15,15,11,0,11,15,15,15,15,11,0,11,15,11,0,11,15,11,0,11,15,11,0,11,15,11,0,11,15,15,15,15,15,15,15,15,15,11,16,16,16,16,16,16,16,16,16,16,16,11,15,15,11,0,11,15,15,11,0,0,0,0,0,0,0,0,0,0,0,0,0,0,0,0,0,0,0,0,0,0,0,0,0,0
0,0,0,0,0,0,0,0,0,0,0,0,0,0,0,0,0,0,0,0,0,0,0,3,11,16,16,16,0,11,11,16,11,15,15,15,11,0,3,15,15,15,3,0,11,15,15,15,15,11,0,11,15,15,11,0,0,0,11,15,15,11,0,0,0,0,0,0,0,0,11,15,15,11,0,11,15,15,15,15,11,0,11,15,15,15,15,15,15,15,15,11,0,11,15,15,15,15,11,0,11,15,15,15,15,15,15,15,15,15,11,0,11,15,15,15,15,15,7,15,15,15,7,15,15,15,7,15,15,15,7,15,15,15,7,15,15,15,15,15,15,15,15,15,15,11,16,16,16,16,16,16,16,16,16,16,16,11,15,15,11,0,11,15,15,11,0,0,0,0,0,0,0,0,0,0,0,0,0,0,0,0,0,0,0,0,0,0,0,0,0,0
0,0,0,0,0,0,0,0,0,0,0,0,0,0,0,0,0,0,0,0,0,0,0,11,11,16,16,16,0,11,11,16,11,15,15,15,15,7,15,15,15,15,15,7,15,15,15,15,15,11,0,11,15,15,11,0,0,0,11,15,15,11,0,3,7,7,7,7,7,7,15,15,15,11,0,3,7,15,15,15,11,0,11,15,15,15,7,7,15,15,15,11,0,11,15,15,15,15,11,0,11,15,15,15,15,15,15,15,15,15,11,0,11,15,15,15,15,15,15,15,15,15,15,15,15,15,15,15,15,15,15,15,15,15,15,15,15,15,15,15,15,15,15,15,15,15,23,23,23,23,23,23,23,23,23,23,23,15,15,15,11,0,11,15,15,15,3,0,0,0,0,0,0,0,0,0,0,0,0,0,0,0,0,0,0,0,0,0,0,0,0,0
0,0,0,0,0,0,0,0,0,0,0,0,0,0,0,0,0,0,0,0,0,0,0,11,15,23,23,23,7,15,11,16,11,15,15,15,15,15,15,15,15,15,15,15,15,15,15,15,15,11,0,11,15,15,15,7,7,7,15,15,15,11,0,11,15,15,15,15,15,15,15,15,15,11,0,0,0,11,15,15,11,0,11,15,15,11,0,0,11,15,15,11,0,11,15,15,15,15,11,0,11,15,15,15,15,15,15,15,15,15,11,0,11,15,15,15,15,15,15,15,7,7,7,7,7,7,7,7,7,7,7,7,7,7,7,7,15,15,15,15,15,15,15,7,15,15,15,15,15,15,15,15,15,15,15,15,15,15,7,15,11,0,11,15,15,15,3,0,0,0,0,0,0,0,0,0,0,0,0,0,0,0,0,0,0,0,0,0,0,0,0,0
0,0,0,0,0,0,0,0,0,0,0,0,0,0,0,0,0,0,0,0,0,0,0,11,15,15,15,15,15,15,11,16,11,15,15,15,15,15,15,15,15,15,15,7,15,15,15,15,15,11,0,11,15,15,15,15,15,15,15,15,15,11,2,11,15,15,15,15,15,15,15,15,15,15,7,7,7,15,15,15,11,0,11,15,15,11,0,0,11,15,15,11,0,11,15,15,15,15,11,0,11,15,15,15,15,15,15,15,15,15,11,0,11,15,15,15,15,15,15,11,0,0,0,0,0,0,0,0,0,0,0,0,0,0,0,0,11,15,15,15,15,15,11,0,11,15,15,15,15,15,15,15,15,15,15,15,15,11,0,11,11,0,11,15,15,11,0,0,0,0,0,0,0,0,0,0,0,0,0,0,0,0,0,0,0,0,0,0,0,0,0,0
0,0,0,0,0,0,0,0,0,0,0,0,0,0,0,0,0,0,0,0,0,0,0,3,15,15,15,15,15,15,15,23,15,15,15,15,7,15,15,15,15,15,3,0,11,15,15,15,15,15,7,15,15,15,15,15,15,15,15,15,15,15,15,15,15,15,15,15,15,15,15,15,15,15,15,15,15,15,15,15,11,0,11,15,15,15,7,7,15,15,15,11,0,11,15,15,15,15,11,0,11,15,15,15,15,15,15,15,15,15,11,0,11,15,15,15,15,15,15,15,7,7,7,7,7,7,7,7,7,7,7,7,7,7,7,7,15,15,15,15,15,15,15,7,15,15,15,15,15,15,15,15,15,15,15,15,15,15,7,15,11,0,11,7,7,3,0,0,0,0,0,0,0,0,0,0,0,0,0,0,0,0,0,0,0,0,0,0,0,0,0,0
0,0,0,0,0,0,0,0,0,0,0,0,0,0,0,0,0,0,0,0,0,0,0,0,3,15,15,15,15,15,15,15,15,15,15,11,0,3,15,15,15,11,0,0,11,15,15,15,15,15,15,15,15,15,15,15,15,15,15,15,15,15,15,15,15,15,15,15,15,15,15,15,15,15,15,15,15,15,15,15,15,7,15,15,15,15,15,15,15,15,15,11,0,11,15,15,15,15,11,0,11,15,15,15,7,7,7,7,7,7,3,0,11,15,15,15,15,15,15,15,15,15,15,15,15,15,15,15,15,15,15,15,15,15,15,15,15,15,15,15,15,15,15,15,15,15,15,15,15,15,15,15,15,15,15,15,15,15,15,15,11,0,10,0,0,0,0,0,0,0,0,0,0,0,0,0,0,0,0,0,0,0,0,0,0,0,0,0,0,0,0,0
0,0,0,0,0,0,0,0,0,0,0,0,0,0,0,0,0,0,0,0,0,0,0,0,0,11,15,15,15,15,15,15,15,15,15,11,0,0,11,15,15,15,7,7,15,15,15,15,15,15,15,15,15,15,15,15,15,15,15,15,15,15,15,15,15,15,15,15,15,15,15,15,15,15,15,15,15,15,15,15,15,15,15,15,15,15,15,15,15,15,15,15,7,15,15,15,15,15,11,0,11,15,15,11,0,0,0,0,0,0,0,0,11,15,15,15,15,15,15,15,15,15,15,15,15,15,15,15,15,15,15,15,15,15,15,15,15,15,15,15,15,15,15,15,15,15,15,15,15,15,15,15,15,15,15,15,15,15,15,15,11,0,11,3,0,0,0,0,0,0,0,0,0,0,0,0,0,0,0,0,0,0,0,0,0,0,0,0,0,0,0,0
0,0,0,0,0,0,0,0,0,0,0,0,0,0,0,0,0,0,0,0,0,0,0,0,0,3,15,15,15,15,15,15,15,15,15,15,7,7,15,15,15,15,15,15,15,15,15,15,15,15,7,15,15,15,15,15,15,15,15,15,15,15,15,15,15,15,15,15,7,7,7,7,7,7,7,7,15,15,15,15,15,15,15,15,15,15,15,15,15,15,15,15,15,15,15,15,15,15,11,0,11,15,15,15,7,7,7,7,7,7,7,7,15,15,15,15,15,15,15,7,15,15,15,7,15,15,15,15,7,15,15,15,7,15,15,15,15,15,15,15,15,15,7,7,7,7,7,7,7,7,7,7,15,15,7,7,7,7,7,7,3,0,3,3,0,0,0,0,0,0,0,0,0,0,0,0,0,0,0,0,0,0,0,0,0,0,0,0,0,0,0,0
0,0,0,0,0,0,0,0,0,0,0,0,0,0,0,0,0,0,0,0,0,0,0,0,0,0,3,15,15,15,15,15,15,15,15,15,15,15,15,15,15,15,15,15,15,15,15,15,15,11,0,3,7,7,7,7,7,7,7,7,7,7,15,15,15,15,15,11,0,0,0,0,0,0,0,0,11,15,15,15,15,15,15,15,15,15,15,15,15,15,15,15,15,15,15,15,15,15,11,0,11,15,15,15,15,15,15,15,15,15,15,15,15,15,15,15,15,15,11,0,11,15,11,0,11,15,15,11,0,11,15,11,0,11,15,15,15,15,15,15,15,11,0,0,0,0,0,0,0,0,0,0,11,11,0,0,0,0,0,0,0,0,0,0,0,0,0,0,0,0,0,0,0,0,0,0,0,0,0,0,0,0,0,0,0,0,0,0,0,0,0,0
0,0,0,0,0,0,0,0,0,0,0,0,0,0,0,0,0,0,0,0,0,0,0,0,0,0,0,3,15,15,15,15,15,15,15,15,15,15,15,15,15,15,15,15,15,15,15,15,15,11,0,0,0,0,0,0,0,0,0,0,0,0,11,15,15,15,15,15,7,7,7,7,7,7,3,0,11,15,15,15,15,15,15,15,15,15,15,15,15,15,15,15,15,15,15,15,15,15,11,0,11,15,15,15,15,7,7,7,15,15,15,15,15,7,7,7,15,15,15,7,15,15,15,7,15,15,15,15,7,15,15,15,7,15,15,15,15,15,15,15,15,11,0,3,7,7,7,7,7,7,7,7,15,15,7,7,7,7,7,7,7,1,0,0,0,0,0,0,0,0,0,0,0,0,0,0,0,0,0,0,0,0,0,0,0,0,0,0,0,0,0,0
0,0,0,0,0,0,0,0,0,0,0,0,0,0,0,0,0,0,0,0,0,0,0,0,0,0,0,0,3,15,15,15,15,15,15,15,15,15,15,15,15,15,15,15,15,15,15,15,15,15,7,7,7,7,7,7,7,7,7,7,3,0,11,15,15,15,15,15,15,15,15,15,15,15,11,0,11,15,15,15,15,15,7,7,7,7,7,7,7,7,7,7,7,7,7,15,15,15,11,0,11,15,15,15,11,0,0,0,11,15,15,15,11,0,0,0,11,15,15,7,15,15,15,7,15,15,15,7,15,15,15,7,15,15,15,7,15,15,15,15,15,11,0,11,15,15,15,15,15,15,15,15,15,15,15,15,15,15,15,15,3,0,0,0,0,0,0,0,0,0,0,0,0,0,0,0,0,0,0,0,0,0,0,0,0,0,0,0,0,0,0,0
0,0,0,0,0,0,0,0,0,0,0,0,0,0,0,0,0,0,0,0,0,0,0,0,0,0,0,0,0,3,15,15,15,15,15,15,15,15,15,15,15,15,15,15,15,15,15,15,15,15,15,15,15,15,15,15,15,15,15,15,11,0,11,15,15,15,15,15,7,7,15,15,15,15,11,0,11,15,15,15,15,11,0,0,0,0,0,0,0,0,0,0,0,0,0,11,15,15,11,0,11,15,15,15,11,0,0,0,11,15,15,15,11,0,0,0,11,15,11,0,11,15,11,0,11,15,11,0,11,15,11,0,11,15,11,0,11,15,15,15,15,11,0,11,15,15,15,15,15,15,15,15,15,15,15,15,15,7,15,3,0,0,0,0,0,0,0,0,0,0,0,0,0,0,0,0,0,0,0,0,0,0,0,0,0,0,0,0,0,0,0,0
0,0,0,0,0,0,0,0,0,0,0,0,0,0,0,0,0,0,0,0,0,0,0,0,0,0,0,0,0,0,3,15,15,15,15,15,15,15,15,15,15,15,15,15,15,15,15,15,15,15,15,15,15,15,15,15,15,15,15,15,11,0,11,15,15,15,15,11,0,0,11,15,15,15,11,0,11,15,15,15,15,15,7,7,7,7,7,7,7,7,7,7,7,7,7,15,15,15,11,0,11,15,15,15,11,0,0,0,11,15,15,15,11,0,0,0,11,15,15,7,15,15,15,7,15,15,15,7,15,15,15,7,15,15,15,7,15,15,15,15,15,11,0,11,15,15,15,15,15,15,15,15,15,15,15,15,11,0,2,0,0,0,0,0,0,0,0,0,0,0,0,0,0,0,0,0,0,0,0,0,0,0,0,0,0,0,0,0,0,0,0,0
0,0,0,0,0,0,0,0,0,0,0,0,0,0,0,0,0,0,0,0,0,0,0,0,0,0,0,0,0,0,0,3,7,15,15,7,15,15,15,15,15,15,15,15,15,15,15,15,15,15,15,15,15,15,15,15,15,15,15,15,11,0,11,15,15,15,15,11,0,0,11,15,15,15,11,0,11,15,15,15,15,15,15,15,15,15,15,15,15,15,15,15,15,15,15,15,15,15,11,0,11,15,15,15,15,7,7,7,15,15,15,15,15,7,7,7,15,15,15,15,15,15,15,15,15,15,15,15,15,15,15,15,15,15,15,15,15,15,15,15,15,11,0,11,15,15,15,15,15,15,15,15,15,7,15,15,11,0,0,0,0,0,0,0,0,0,0,0,0,0,0,0,0,0,0,0,0,0,0,0,0,0,0,0,0,0,0,0,0,0,0,0
0,0,0,0,0,0,0,0,0,0,0,0,0,0,0,0,0,0,0,0,0,0,0,0,0,0,0,0,0,0,0,0,0,3,11,0,11,15,15,15,15,15,15,15,15,15,15,15,15,15,15,15,15,15,15,15,15,15,15,15,11,0,11,15,15,15,15,15,7,7,15,15,15,15,11,0,11,15,15,15,15,15,15,15,15,15,15,15,15,15,15,15,15,15,15,15,15,15,11,0,11,15,15,15,15,15,15,15,15,15,15,15,15,15,15,15,15,15,15,15,15,15,15,15,15,15,15,15,15,15,15,15,15,15,15,15,15,15,15,15,15,11,0,11,15,15,15,15,15,15,15,15,11,0,3,15,3,0,0,0,0,0,0,0,0,0,0,0,0,0,0,0,0,0,0,0,0,0,0,0,0,0,0,0,0,0,0,0,0,0,0,0
0,0,0,0,0,0,0,0,0,0,0,0,0,0,0,0,0,0,0,0,0,0,0,0,0,0,0,0,0,0,0,0,0,0,2,0,11,15,15,7,15,15,15,15,15,15,15,15,15,15,15,15,15,15,15,15,15,15,15,15,11,0,11,15,15,15,15,15,15,15,15,15,15,15,11,0,11,15,15,15,15,15,15,15,15,15,15,15,15,15,15,15,15,15,15,15,15,15,11,0,11,15,15,15,15,15,15,15,15,15,15,15,15,15,15,15,15,15,15,15,15,15,15,15,15,15,15,15,15,15,15,15,15,15,15,15,15,15,15,15,15,15,7,15,15,15,15,15,15,7,15,15,3,0,0,2,0,0,0,0,0,0,0,0,0,0,0,0,0,0,0,0,0,0,0,0,0,0,0,0,0,0,0,0,0,0,0,0,0,0,0,0
0,0,0,0,0,0,0,0,0,0,0,0,0,0,0,0,0,0,0,0,0,0,0,0,0,0,0,0,0,0,0,0,0,0,0,0,3,7,3,0,11,15,15,15,15,15,15,15,15,15,15,15,15,15,15,15,15,15,15,15,15,7,7,15,15,15,15,15,15,15,15,15,15,15,15,7,15,15,15,15,15,15,15,15,15,15,15,15,15,15,15,15,15,15,15,15,15,15,11,0,11,15,15,15,15,15,15,15,15,15,15,15,15,15,15,15,15,15,15,15,15,15,15,15,15,15,15,15,15,15,15,15,15,15,15,15,15,15,15,15,15,15,15,15,15,7,15,15,3,0,11,3,0,0,0,0,0,0,0,0,0,0,0,0,0,0,0,0,0,0,0,0,0,0,0,0,0,0,0,0,0,0,0,0,0,0,0,0,0,0,0,0
0,0,0,0,0,0,0,0,0,0,0,0,0,0,0,0,0,0,0,0,0,0,0,0,0,0,0,0,0,0,0,0,0,0,0,0,0,0,0,0,11,7,15,15,7,15,15,15,7,7,15,15,15,15,15,15,7,7,15,15,15,3,0,11,15,7,15,15,7,7,7,15,15,15,7,15,15,7,15,7,7,15,15,7,7,15,15,15,7,15,15,7,15,7,7,15,15,15,11,0,11,7,7,15,15,15,7,15,15,7,15,7,7,15,15,7,7,15,15,15,7,15,15,7,15,7,15,15,15,7,15,15,15,7,7,15,15,15,7,7,15,15,15,15,3,0,11,11,0,0,2,0,0,0,0,0,0,0,0,0,0,0,0,0,0,0,0,0,0,0,0,0,0,0,0,0,0,0,0,0,0,0,0,0,0,0,0,0,0,0,0,0
0,0,0,0,0,0,0,0,0,0,0,0,0,0,0,0,0,0,0,0,0,0,0,0,0,0,0,0,0,0,0,0,0,0,0,0,0,0,0,0,2,0,3,3,0,3,15,11,0,0,11,15,15,7,15,11,0,0,11,15,11,0,0,11,11,0,11,11,0,0,0,11,15,11,0,11,11,0,10,0,0,11,11,0,0,11,15,11,0,11,11,0,10,0,0,11,15,15,15,7,11,0,0,11,15,11,0,11,11,0,10,0,0,11,11,0,0,11,15,11,0,11,11,0,10,0,11,15,11,0,11,15,11,0,0,11,15,11,0,0,11,15,15,11,0,0,3,3,0,0,0,0,0,0,0,0,0,0,0,0,0,0,0,0,0,0,0,0,0,0,0,0,0,0,0,0,0,0,0,0,0,0,0,0,0,0,0,0,0,0,0,0
0,0,0,0,0,0,0,0,0,0,0,0,0,0,0,0,0,0,0,0,0,0,0,0,0,0,0,0,0,0,0,0,0,0,0,0,0,0,0,0,0,0,0,0,0,0,3,3,0,0,3,7,3,0,3,3,0,0,3,7,3,0,0,3,7,5,7,7,1,0,0,3,7,7,5,7,7,5,3,0,0,3,3,0,0,3,7,7,5,7,7,5,3,0,0,3,7,7,7,7,3,0,0,3,7,7,5,7,7,5,3,0,0,3,3,0,0,3,7,7,5,7,7,5,3,0,3,7,7,5,7,7,3,0,0,3,7,3,0,0,3,7,7,3,0,0,0,0,0,0,0,0,0,0,0,0,0,0,0,0,0,0,0,0,0,0,0,0,0,0,0,0,0,0,0,0,0,0,0,0,0,0,0,0,0,0,0,0,0,0,0,0
0,0,0,0,0,0,0,0,0,0,0,0,0,0,0,0,0,0,0,0,0,0,0,0,0,0,0,0,0,0,0,0,0,0,0,0,0,0,0,0,0,0,0,0,0,0,0,0,0,0,0,0,0,0,0,0,0,0,0,0,0,0,0,0,0,0,0,0,0,0,0,0,0,0,0,0,0,0,0,0,0,0,0,0,0,0,0,0,0,0,0,0,0,0,0,0,0,0,0,0,0,0,0,0,0,0,0,0,0,0,0,0,0,0,0,0,0,0,0,0,0,0,0,0,0,0,0,0,0,0,0,0,0,0,0,0,0,0,0,0,0,0,0,0,0,0,0,0,0,0,0,0,0,0,0,0,0,0,0,0,0,0,0,0,0,0,0,0,0,0,0,0,0,0,0,0,0,0,0,0,0,0,0,0,0,0,0,0,0,0,0,0
0,0,0,0,0,0,0,0,0,0,0,0,0,0,0,0,0,0,0,0,0,0,0,0,0,0,0,0,0,0,0,0,0,0,0,0,0,0,0,0,0,0,0,0,0,0,0,0,0,0,0,0,0,0,0,0,0,0,0,0,0,0,0,0,0,0,0,0,0,0,0,0,0,0,0,0,0,0,0,0,0,0,0,0,0,0,0,0,0,0,0,0,0,0,0,0,0,0,0,0,0,0,0,0,0,0,0,0,0,0,0,0,0,0,0,0,0,0,0,0,0,0,0,0,0,0,0,0,0,0,0,0,0,0,0,0,0,0,0,0,0,0,0,0,0,0,0,0,0,0,0,0,0,0,0,0,0,0,0,0,0,0,0,0,0,0,0,0,0,0,0,0,0,0,0,0,0,0,0,0,0,0,0,0,0,0,0,0,0,0,0,0
0,0,0,0,0,0,0,0,0,0,0,0,0,0,0,0,0,0,0,0,0,0,0,0,0,0,0,0,0,0,0,0,0,0,0,0,0,0,0,0,0,0,0,0,0,0,0,0,0,0,0,0,0,0,0,0,0,0,0,0,0,0,0,0,0,0,0,0,0,0,0,0,0,0,0,0,0,0,0,0,0,0,0,0,0,0,0,0,0,0,0,0,0,0,0,0,0,0,0,0,0,0,0,0,0,0,0,0,0,0,0,0,0,0,0,0,0,0,0,0,0,0,0,0,0,0,0,0,0,0,0,0,0,0,0,0,0,0,0,0,0,0,0,0,0,0,0,0,0,0,0,0,0,0,0,0,0,0,0,0,0,0,0,0,0,0,0,0,0,0,0,0,0,0,0,0,0,0,0,0,0,0,0,0,0,0,0,0,0,0,0,0
0,0,0,0,0,0,0,0,0,0,0,0,0,0,0,0,0,0,0,0,0,0,0,0,0,0,0,0,0,0,0,0,0,0,0,0,0,0,0,0,0,0,0,0,0,0,0,0,0,0,0,0,0,0,0,0,0,0,0,0,0,0,0,0,0,0,0,0,0,0,0,0,0,0,0,0,0,0,0,0,0,0,0,0,0,0,0,0,0,0,0,0,0,0,0,0,0,0,0,0,0,0,0,0,0,0,0,0,0,0,0,0,0,0,0,0,0,0,0,0,0,0,0,0,0,0,0,0,0,0,0,0,0,0,0,0,0,0,0,0,0,0,0,0,0,0,0,0,0,0,0,0,0,0,0,0,0,0,0,0,0,0,0,0,0,0,0,0,0,0,0,0,0,0,0,0,0,0,0,0,0,0,0,0,0,0,0,0,0,0,0,0
0,0,0,0,0,0,0,0,0,0,0,0,0,0,0,0,0,0,0,0,0,0,0,0,0,0,0,0,0,0,0,0,0,0,0,0,0,0,0,0,0,0,0,0,0,0,0,0,0,0,0,0,0,0,0,0,0,0,0,0,0,0,0,0,0,0,0,0,0,0,0,0,0,0,0,0,0,0,0,0,0,0,0,0,0,0,0,0,0,0,0,0,0,0,0,0,0,0,0,0,0,0,0,0,0,0,0,0,0,0,0,0,0,0,0,0,0,0,0,0,0,0,0,0,0,0,0,0,0,0,0,0,0,0,0,0,0,0,0,0,0,0,0,0,0,0,0,0,0,0,0,0,0,0,0,0,0,0,0,0,0,0,0,0,0,0,0,0,0,0,0,0,0,0,0,0,0,0,0,0,0,0,0,0,0,0,0,0,0,0,0,0
0,0,0,0,0,0,0,0,0,0,0,0,0,0,0,0,0,0,0,0,0,0,0,0,0,0,0,0,0,0,0,0,0,0,0,0,0,0,0,0,0,0,0,0,0,0,0,0,0,0,0,0,0,0,0,0,0,0,0,0,0,0,0,0,0,0,0,0,0,0,0,0,0,0,0,0,0,0,0,0,0,0,0,0,0,0,0,0,0,0,0,0,0,0,0,0,0,0,0,0,0,0,0,0,0,0,0,0,0,0,0,0,0,0,0,0,0,0,0,0,0,0,0,0,0,0,0,0,0,0,0,0,0,0,0,0,0,0,0,0,0,0,0,0,0,0,0,0,0,0,0,0,0,0,0,0,0,0,0,0,0,0,0,0,0,0,0,0,0,0,0,0,0,0,0,0,0,0,0,0,0,0,0,0,0,0,0,0,0,0,0,0
0,0,0,0,0,0,0,0,0,0,0,0,0,0,0,0,0,0,0,0,0,0,0,0,0,0,0,0,0,0,0,0,0,0,0,0,0,0,0,0,0,0,0,0,0,0,0,0,0,0,0,0,0,0,0,0,0,0,0,0,0,0,0,0,0,0,0,0,0,0,0,0,0,0,0,0,0,0,0,0,0,0,0,0,0,0,0,0,0,0,0,0,0,0,0,0,0,0,0,0,0,0,0,0,0,0,0,0,0,0,0,0,0,0,0,0,0,0,0,0,0,0,0,0,0,0,0,0,0,0,0,0,0,0,0,0,0,0,0,0,0,0,0,0,0,0,0,0,0,0,0,0,0,0,0,0,0,0,0,0,0,0,0,0,0,0,0,0,0,0,0,0,0,0,0,0,0,0,0,0,0,0,0,0,0,0,0,0,0,0,0,0
0,0,0,0,0,0,0,0,0,0,0,0,0,0,0,0,0,0,0,0,0,0,0,0,0,0,0,0,0,0,0,0,0,0,0,0,0,0,0,0,0,0,0,0,0,0,0,0,0,0,0,0,0,0,0,0,0,0,0,0,0,0,0,0,0,0,0,0,0,0,0,0,0,0,0,0,0,0,0,0,0,0,0,0,0,0,0,0,0,0,0,0,0,0,0,0,0,0,0,0,0,0,0,0,0,0,0,0,0,0,0,0,0,0,0,0,0,0,0,0,0,0,0,0,0,0,0,0,0,0,0,0,0,0,0,0,0,0,0,0,0,0,0,0,0,0,0,0,0,0,0,0,0,0,0,0,0,0,0,0,0,0,0,0,0,0,0,0,0,0,0,0,0,0,0,0,0,0,0,0,0,0,0,0,0,0,0,0,0,0,0,0
0,0,0,0,0,0,0,0,0,0,0,0,0,0,0,0,0,0,0,0,0,0,0,0,0,0,0,0,0,0,0,0,0,0,0,0,0,0,0,0,0,0,0,0,0,0,0,0,0,0,0,0,0,0,0,0,0,0,0,0,0,0,0,0,0,0,0,0,0,0,0,0,0,0,0,0,0,0,0,0,0,0,0,0,0,0,0,0,0,0,0,0,0,0,0,0,0,0,0,0,0,0,0,0,0,0,0,0,0,0,0,0,0,0,0,0,0,0,0,0,0,0,0,0,0,0,0,0,0,0,0,0,0,0,0,0,0,0,0,0,0,0,0,0,0,0,0,0,0,0,0,0,0,0,0,0,0,0,0,0,0,0,0,0,0,0,0,0,0,0,0,0,0,0,0,0,0,0,0,0,0,0,0,0,0,0,0,0,0,0,0,0
0,0,0,0,0,0,0,0,0,0,0,0,0,0,0,0,0,0,0,0,0,0,0,0,0,0,0,0,0,0,0,0,0,0,0,0,0,0,0,0,0,0,0,0,0,0,0,0,0,0,0,0,0,0,0,0,0,0,0,0,0,0,0,0,0,0,0,0,0,0,0,0,0,0,0,0,0,0,0,0,0,0,0,0,0,0,0,0,0,0,0,0,0,0,0,0,0,0,0,0,0,0,0,0,0,0,0,0,0,0,0,0,0,0,0,0,0,0,0,0,0,0,0,0,0,0,0,0,0,0,0,0,0,0,0,0,0,0,0,0,0,0,0,0,0,0,0,0,0,0,0,0,0,0,0,0,0,0,0,0,0,0,0,0,0,0,0,0,0,0,0,0,0,0,0,0,0,0,0,0,0,0,0,0,0,0,0,0,0,0,0,0
0,0,0,0,0,0,0,0,0,0,0,0,0,0,0,0,0,0,0,0,0,0,0,0,0,0,0,0,0,0,0,0,0,0,0,0,0,0,0,0,0,0,0,0,0,0,0,0,0,0,0,0,0,0,0,0,0,0,0,0,0,0,0,0,0,0,0,0,0,0,0,0,0,0,0,0,0,0,0,0,0,0,0,0,0,0,0,0,0,0,0,0,0,0,0,0,0,0,0,0,0,0,0,0,0,0,0,0,0,0,0,0,0,0,0,0,0,0,0,0,0,0,0,0,0,0,0,0,0,0,0,0,0,0,0,0,0,0,0,0,0,0,0,0,0,0,0,0,0,0,0,0,0,0,0,0,0,0,0,0,0,0,0,0,0,0,0,0,0,0,0,0,0,0,0,0,0,0,0,0,0,0,0,0,0,0,0,0,0,0,0,0
0,0,0,0,0,0,0,0,0,0,0,0,0,0,0,0,0,0,0,0,0,0,0,0,0,0,0,0,0,0,0,0,0,0,0,0,0,0,0,0,0,0,0,0,0,0,0,0,0,0,0,0,0,0,0,0,0,0,0,0,0,0,0,0,0,0,0,0,0,0,0,0,0,0,0,0,0,0,0,0,0,0,0,0,0,0,0,0,0,0,0,0,0,0,0,0,0,0,0,0,0,0,0,0,0,0,0,0,0,0,0,0,0,0,0,0,0,0,0,0,0,0,0,0,0,0,0,0,0,0,0,0,0,0,0,0,0,0,0,0,0,0,0,0,0,0,0,0,0,0,0,0,0,0,0,0,0,0,0,0,0,0,0,0,0,0,0,0,0,0,0,0,0,0,0,0,0,0,0,0,0,0,0,0,0,0,0,0,0,0,0,0
0,0,0,0,0,0,0,0,0,0,0,0,0,0,0,0,0,0,0,0,0,0,0,0,0,0,0,0,0,0,0,0,0,0,0,0,0,0,0,0,0,0,0,0,0,0,0,0,0,0,0,0,0,0,0,0,0,0,0,0,0,0,0,0,0,0,0,0,0,0,0,0,0,0,0,0,0,0,0,0,0,0,0,0,0,0,0,0,0,0,0,0,0,0,0,0,0,0,0,0,0,0,0,0,0,0,0,0,0,0,0,0,0,0,0,0,0,0,0,0,0,0,0,0,0,0,0,0,0,0,0,0,0,0,0,0,0,0,0,0,0,0,0,0,0,0,0,0,0,0,0,0,0,0,0,0,0,0,0,0,0,0,0,0,0,0,0,0,0,0,0,0,0,0,0,0,0,0,0,0,0,0,0,0,0,0,0,0,0,0,0,0
0,0,0,0,0,0,0,0,0,0,0,0,0,0,0,0,0,0,0,0,0,0,0,0,0,0,0,0,0,0,0,0,0,0,0,0,0,0,0,0,0,0,0,0,0,0,0,0,0,0,0,0,0,0,0,0,0,0,0,0,0,0,0,0,0,0,0,0,0,0,0,0,0,0,0,0,0,0,0,0,0,0,0,0,0,0,0,0,0,0,0,0,0,0,0,0,0,0,0,0,0,0,0,0,0,0,0,0,0,0,0,0,0,0,0,0,0,0,0,0,0,0,0,0,0,0,0,0,0,0,0,0,0,0,0,0,0,0,0,0,0,0,0,0,0,0,0,0,0,0,0,0,0,0,0,0,0,0,0,0,0,0,0,0,0,0,0,0,0,0,0,0,0,0,0,0,0,0,0,0,0,0,0,0,0,0,0,0,0,0,0,0
0,0,0,0,0,0,0,0,0,0,0,0,0,0,0,0,0,0,0,0,0,0,0,0,0,0,0,0,0,0,0,0,0,0,0,0,0,0,0,0,0,0,0,0,0,0,0,0,0,0,0,0,0,0,0,0,0,0,0,0,0,0,0,0,0,0,0,0,0,0,0,0,0,0,0,0,0,0,0,0,0,0,0,0,0,0,0,0,0,0,0,0,0,0,0,0,0,0,0,0,0,0,0,0,0,0,0,0,0,0,0,0,0,0,0,0,0,0,0,0,0,0,0,0,0,0,0,0,0,0,0,0,0,0,0,0,0,0,0,0,0,0,0,0,0,0,0,0,0,0,0,0,0,0,0,0,0,0,0,0,0,0,0,0,0,0,0,0,0,0,0,0,0,0,0,0,0,0,0,0,0,0,0,0,0,0,0,0,0,0,0,0
0,0,0,0,0,0,0,0,0,0,0,0,0,0,0,0,0,0,0,0,0,0,0,0,0,0,0,0,0,0,0,0,0,0,0,0,0,0,0,0,0,0,0,0,0,0,0,0,0,0,0,0,0,0,0,0,0,0,0,0,0,0,0,0,0,0,0,0,0,0,0,0,0,0,0,0,0,0,0,0,0,0,0,0,0,0,0,0,0,0,0,0,0,0,0,0,0,0,0,0,0,0,0,0,0,0,0,0,0,0,0,0,0,0,0,0,0,0,0,0,0,0,0,0,0,0,0,0,0,0,0,0,0,0,0,0,0,0,0,0,0,0,0,0,0,0,0,0,0,0,0,0,0,0,0,0,0,0,0,0,0,0,0,0,0,0,0,0,0,0,0,0,0,0,0,0,0,0,0,0,0,0,0,0,0,0,0,0,0,0,0,0
0,0,0,0,0,0,0,0,0,0,0,0,0,0,0,0,0,0,0,0,0,0,0,0,0,0,0,0,0,0,0,0,0,0,0,0,0,0,0,0,0,0,0,0,0,0,0,0,0,0,0,0,0,0,0,0,0,0,0,0,0,0,0,0,0,0,0,0,0,0,0,0,0,0,0,0,0,0,0,0,0,0,0,0,0,0,0,0,0,0,0,0,0,0,0,0,0,0,0,0,0,0,0,0,0,0,0,0,0,0,0,0,0,0,0,0,0,0,0,0,0,0,0,0,0,0,0,0,0,0,0,0,0,0,0,0,0,0,0,0,0,0,0,0,0,0,0,0,0,0,0,0,0,0,0,0,0,0,0,0,0,0,0,0,0,0,0,0,0,0,0,0,0,0,0,0,0,0,0,0,0,0,0,0,0,0,0,0,0,0,0,0
0,0,0,0,0,0,0,0,0,0,0,0,0,0,0,0,0,0,0,0,0,0,0,0,0,0,0,0,0,0,0,0,0,0,0,0,0,0,0,0,0,0,0,0,0,0,0,0,0,0,0,0,0,0,0,0,0,0,0,0,0,0,0,0,0,0,0,0,0,0,0,0,0,0,0,0,0,0,0,0,0,0,0,0,0,0,0,0,0,0,0,0,0,0,0,0,0,0,0,0,0,0,0,0,0,0,0,0,0,0,0,0,0,0,0,0,0,0,0,0,0,0,0,0,0,0,0,0,0,0,0,0,0,0,0,0,0,0,0,0,0,0,0,0,0,0,0,0,0,0,0,0,0,0,0,0,0,0,0,0,0,0,0,0,0,0,0,0,0,0,0,0,0,0,0,0,0,0,0,0,0,0,0,0,0,0,0,0,0,0,0,0
0,0,0,0,0,0,0,0,0,0,0,0,0,0,0,0,0,0,0,0,0,0,0,0,0,0,0,0,0,0,0,0,0,0,0,0,0,0,0,0,0,0,0,0,0,0,0,0,0,0,0,0,0,0,0,0,0,0,0,0,0,0,0,0,0,0,0,0,0,0,0,0,0,0,0,0,0,0,0,0,0,0,0,0,0,0,0,0,0,0,0,0,0,0,0,0,0,0,0,0,0,0,0,0,0,0,0,0,0,0,0,0,0,0,0,0,0,0,0,0,0,0,0,0,0,0,0,0,0,0,0,0,0,0,0,0,0,0,0,0,0,0,0,0,0,0,0,0,0,0,0,0,0,0,0,0,0,0,0,0,0,0,0,0,0,0,0,0,0,0,0,0,0,0,0,0,0,0,0,0,0,0,0,0,0,0,0,0,0,0,0,0
0,0,0,0,0,0,0,0,0,0,0,0,0,0,0,0,0,0,0,0,0,0,0,0,0,0,0,0,0,0,0,0,0,0,0,0,0,0,0,0,0,0,0,0,0,0,0,0,0,0,0,0,0,0,0,0,0,0,0,0,0,0,0,0,0,0,0,0,0,0,0,0,0,0,0,0,0,0,0,0,0,0,0,0,0,0,0,0,0,0,0,0,0,0,0,0,0,0,0,0,0,0,0,0,0,0,0,0,0,0,0,0,0,0,0,0,0,0,0,0,0,0,0,0,0,0,0,0,0,0,0,0,0,0,0,0,0,0,0,0,0,0,0,0,0,0,0,0,0,0,0,0,0,0,0,0,0,0,0,0,0,0,0,0,0,0,0,0,0,0,0,0,0,0,0,0,0,0,0,0,0,0,0,0,0,0,0,0,0,0,0,0
0,0,0,0,0,0,0,0,0,0,0,0,0,0,0,0,0,0,0,0,0,0,0,0,0,0,0,0,0,0,0,0,0,0,0,0,0,0,0,0,0,0,0,0,0,0,0,0,0,0,0,0,0,0,0,0,0,0,0,0,0,0,0,0,0,0,0,0,0,0,0,0,0,0,0,0,0,0,0,0,0,0,0,0,0,0,0,0,0,0,0,0,0,0,0,0,0,0,0,0,0,0,0,0,0,0,0,0,0,0,0,0,0,0,0,0,0,0,0,0,0,0,0,0,0,0,0,0,0,0,0,0,0,0,0,0,0,0,0,0,0,0,0,0,0,0,0,0,0,0,0,0,0,0,0,0,0,0,0,0,0,0,0,0,0,0,0,0,0,0,0,0,0,0,0,0,0,0,0,0,0,0,0,0,0,0,0,0,0,0,0,0
0,0,0,0,0,0,0,0,0,0,0,0,0,0,0,0,0,0,0,0,0,0,0,0,0,0,0,0,0,0,0,0,0,0,0,0,0,0,0,0,0,0,0,0,0,0,0,0,0,0,0,0,0,0,0,0,0,0,0,0,0,0,0,0,0,0,0,0,0,0,0,0,0,0,0,0,0,0,0,0,0,0,0,0,0,0,0,0,0,0,0,0,0,0,0,0,0,0,0,0,0,0,0,0,0,0,0,0,0,0,0,0,0,0,0,0,0,0,0,0,0,0,0,0,0,0,0,0,0,0,0,0,0,0,0,0,0,0,0,0,0,0,0,0,0,0,0,0,0,0,0,0,0,0,0,0,0,0,0,0,0,0,0,0,0,0,0,0,0,0,0,0,0,0,0,0,0,0,0,0,0,0,0,0,0,0,0,0,0,0,0,0
0,0,0,0,0,0,0,0,0,0,0,0,0,0,0,0,0,0,0,0,0,0,0,0,0,0,0,0,0,0,0,0,0,0,0,0,0,0,0,0,0,0,0,0,0,0,0,0,0,0,0,0,0,0,0,0,0,0,0,0,0,0,0,0,0,0,0,0,0,0,0,0,0,0,0,0,0,0,0,0,0,0,0,0,0,0,0,0,0,0,0,0,0,0,0,0,0,0,0,0,0,0,0,0,0,0,0,0,0,0,0,0,0,0,0,0,0,0,0,0,0,0,0,0,0,0,0,0,0,0,0,0,0,0,0,0,0,0,0,0,0,0,0,0,0,0,0,0,0,0,0,0,0,0,0,0,0,0,0,0,0,0,0,0,0,0,0,0,0,0,0,0,0,0,0,0,0,0,0,0,0,0,0,0,0,0,0,0,0,0,0,0
0,0,0,0,0,0,0,0,0,0,0,0,0,0,0,0,0,0,0,0,0,0,0,0,0,0,0,0,0,0,0,0,0,0,0,0,0,0,0,0,0,0,0,0,0,0,0,0,0,0,0,0,0,0,0,0,0,0,0,0,0,0,0,0,0,0,0,0,0,0,0,0,0,0,0,0,0,0,0,0,0,0,0,0,0,0,0,0,0,0,0,0,0,0,0,0,0,0,0,0,0,0,0,0,0,0,0,0,0,0,0,0,0,0,0,0,0,0,0,0,0,0,0,0,0,0,0,0,0,0,0,0,0,0,0,0,0,0,0,0,0,0,0,0,0,0,0,0,0,0,0,0,0,0,0,0,0,0,0,0,0,0,0,0,0,0,0,0,0,0,0,0,0,0,0,0,0,0,0,0,0,0,0,0,0,0,0,0,0,0,0,0
